Format Version,1.23,Take Name,textured_table_exp_1,Take Notes,,Capture Frame Rate,120.000000,Export Frame Rate,120.000000,Capture Start Time,2024-03-21 01.41.37.656 下午,Capture Start Frame,12644,Total Frames in Take,1201,Total Exported Frames,1201,Rotation Type,Quaternion,Length Units,Centimeters,Coordinate Space,Global

,Type,Rigid Body,Rigid Body,Rigid Body,Rigid Body,Rigid Body,Rigid Body,Rigid Body,Rigid Body Marker,Rigid Body Marker,Rigid Body Marker,Rigid Body Marker,Rigid Body Marker,Rigid Body Marker,Rigid Body Marker,Rigid Body Marker,Rigid Body Marker,Rigid Body Marker,Rigid Body Marker,Rigid Body Marker,Marker,Marker,Marker,Marker,Marker,Marker,Marker,Marker,Marker,Marker,Marker,Marker,Marker,Marker,Marker,Marker,Marker,Marker,Marker,Marker,Marker,Marker,Marker,Marker,Marker,Marker,Marker,Marker,Marker,Marker,Marker,Marker,Marker,Marker,Marker,Marker,Marker,Marker,Marker,Marker,Marker,Marker
,Name,Table,Table,Table,Table,Table,Table,Table,Table:Marker1,Table:Marker1,Table:Marker1,Table:Marker2,Table:Marker2,Table:Marker2,Table:Marker3,Table:Marker3,Table:Marker3,Table:Marker4,Table:Marker4,Table:Marker4,Table:Marker1,Table:Marker1,Table:Marker1,Table:Marker2,Table:Marker2,Table:Marker2,Table:Marker3,Table:Marker3,Table:Marker3,Table:Marker4,Table:Marker4,Table:Marker4,Unlabeled 1060,Unlabeled 1060,Unlabeled 1060,Unlabeled 1061,Unlabeled 1061,Unlabeled 1061,Unlabeled 1062,Unlabeled 1062,Unlabeled 1062,Unlabeled 1063,Unlabeled 1063,Unlabeled 1063,Unlabeled 1064,Unlabeled 1064,Unlabeled 1064,Unlabeled 1065,Unlabeled 1065,Unlabeled 1065,Unlabeled 1066,Unlabeled 1066,Unlabeled 1066,Unlabeled 1067,Unlabeled 1067,Unlabeled 1067,Unlabeled 1068,Unlabeled 1068,Unlabeled 1068,Unlabeled 1069,Unlabeled 1069,Unlabeled 1069
,ID,73FC4CEBE74411EE1DBCEA1B09BCCFA4,73FC4CEBE74411EE1DBCEA1B09BCCFA4,73FC4CEBE74411EE1DBCEA1B09BCCFA4,73FC4CEBE74411EE1DBCEA1B09BCCFA4,73FC4CEBE74411EE1DBCEA1B09BCCFA4,73FC4CEBE74411EE1DBCEA1B09BCCFA4,73FC4CEBE74411EE1DBCEA1B09BCCFA4,73FC4CEBE74411EE1DBCEA1B09BCCFA4,73FC4CEBE74411EE1DBCEA1B09BCCFA4,73FC4CEBE74411EE1DBCEA1B09BCCFA4,73FC4CEBE74411EE1DBCEA1B09BCCFA4,73FC4CEBE74411EE1DBCEA1B09BCCFA4,73FC4CEBE74411EE1DBCEA1B09BCCFA4,73FC4CEBE74411EE1DBCEA1B09BCCFA4,73FC4CEBE74411EE1DBCEA1B09BCCFA4,73FC4CEBE74411EE1DBCEA1B09BCCFA4,73FC4CEBE74411EE1DBCEA1B09BCCFA4,73FC4CEBE74411EE1DBCEA1B09BCCFA4,73FC4CEBE74411EE1DBCEA1B09BCCFA4,"AECC39A9E74511EE1DBCEA1B09BCCFA4","AECC39A9E74511EE1DBCEA1B09BCCFA4","AECC39A9E74511EE1DBCEA1B09BCCFA4","AECC39A8E74511EE1DBCEA1B09BCCFA4","AECC39A8E74511EE1DBCEA1B09BCCFA4","AECC39A8E74511EE1DBCEA1B09BCCFA4","AECC39A7E74511EE1DBCEA1B09BCCFA4","AECC39A7E74511EE1DBCEA1B09BCCFA4","AECC39A7E74511EE1DBCEA1B09BCCFA4","AECC39AAE74511EE1DBCEA1B09BCCFA4","AECC39AAE74511EE1DBCEA1B09BCCFA4","AECC39AAE74511EE1DBCEA1B09BCCFA4","46AF0B381E74511EE","46AF0B381E74511EE","46AF0B381E74511EE","C6AF0B381E74511EE","C6AF0B381E74511EE","C6AF0B381E74511EE","D6AF0B381E74511EE","D6AF0B381E74511EE","D6AF0B381E74511EE","E6AF0B381E74511EE","E6AF0B381E74511EE","E6AF0B381E74511EE","126AF0B381E74511EE","126AF0B381E74511EE","126AF0B381E74511EE","246AF0B381E74511EE","246AF0B381E74511EE","246AF0B381E74511EE","256AF0B381E74511EE","256AF0B381E74511EE","256AF0B381E74511EE","266AF0B381E74511EE","266AF0B381E74511EE","266AF0B381E74511EE","276AF0B381E74511EE","276AF0B381E74511EE","276AF0B381E74511EE","296AF0B381E74511EE","296AF0B381E74511EE","296AF0B381E74511EE"
,,Rotation,Rotation,Rotation,Rotation,Position,Position,Position,Position,Position,Position,Position,Position,Position,Position,Position,Position,Position,Position,Position,Position,Position,Position,Position,Position,Position,Position,Position,Position,Position,Position,Position,Position,Position,Position,Position,Position,Position,Position,Position,Position,Position,Position,Position,Position,Position,Position,Position,Position,Position,Position,Position,Position,Position,Position,Position,Position,Position,Position,Position,Position,Position
Frame,Time (Seconds),X,Y,Z,W,X,Y,Z,X,Y,Z,X,Y,Z,X,Y,Z,X,Y,Z,X,Y,Z,X,Y,Z,X,Y,Z,X,Y,Z,X,Y,Z,X,Y,Z,X,Y,Z,X,Y,Z,X,Y,Z,X,Y,Z,X,Y,Z,X,Y,Z,X,Y,Z,X,Y,Z
0,0.000000,-0.000462,0.000547,0.000058,1.000000,-31.699299,28.850958,40.934029,-59.805405,30.208233,1.627094,-2.241817,28.207237,2.827543,-3.731892,27.495428,79.973709,-61.018085,29.492941,79.307869,-59.791584,30.197298,1.656458,-2.304740,28.222878,2.871906,-3.724375,27.486530,79.981300,-60.984467,29.507360,79.206200,-78.120155,30.943214,9.810777,-67.662888,52.474380,54.189907,-61.278255,70.895805,74.105385,-81.548454,72.480904,11.434455,-69.664124,30.179974,41.535553,-63.352501,28.257067,73.558495,-70.686836,110.765221,43.084450,-81.107658,113.573227,12.204561,-72.209564,90.487686,32.611065,-60.414539,111.324692,74.164551
1,0.008000,-0.000450,0.000536,0.000074,1.000000,-31.700573,28.850334,40.930122,-59.805847,30.207634,1.622596,-2.242229,28.208403,2.824277,-3.733990,27.494781,79.970398,-61.020233,29.490528,79.303322,-59.793686,30.197502,1.656526,-2.304505,28.222179,2.866557,-3.723061,27.486664,79.981789,-60.993004,29.501591,79.207924,-77.950737,31.033976,9.742748,-67.649498,52.523296,54.161823,-61.297333,70.923355,74.083977,-81.471153,72.559341,11.395587,-69.690262,30.241812,41.499348,-63.443733,28.279480,73.538727,-70.707939,110.825562,43.108715,-81.113365,113.650681,12.202755,-72.188461,90.547600,32.594913,-60.423969,111.394585,74.164742
2,0.016000,-0.000452,0.000472,0.000039,1.000000,-31.698864,28.850782,40.921078,-59.799015,30.209858,1.609942,-2.235678,28.206673,2.819002,-3.737369,27.493462,79.964943,-61.023403,29.493141,79.290520,-59.792416,30.198067,1.656562,-2.304261,28.221836,2.868082,-3.723820,27.485804,79.980484,-61.001160,29.501606,79.205688,-77.774666,31.135767,9.671349,-67.639580,52.571972,54.136421,-61.285305,70.966759,74.062592,-81.414627,72.622368,11.344643,-69.719765,30.304129,41.467857,-63.512707,28.334814,73.513428,-70.710876,110.892868,43.110855,-81.120216,113.717064,12.205482,-72.178635,90.619888,32.581272,-60.433491,111.439064,74.170891
3,0.025000,-0.000412,0.000378,0.000031,1.000000,-31.692970,28.847712,40.911572,-59.785713,30.210358,1.595271,-2.222636,28.206167,2.814987,-3.738838,27.486845,79.960571,-61.024700,29.487484,79.275558,-59.791679,30.198584,1.656119,-2.304331,28.221289,2.867479,-3.722686,27.481583,79.982536,-61.009766,29.492107,79.210754,-77.614296,31.241003,9.607599,-67.626778,52.640457,54.102016,-61.257477,71.026772,74.028847,-81.363571,72.696320,11.305324,-69.746407,30.358812,41.433689,-63.594978,28.403568,73.485306,-70.697281,110.975609,43.107559,-81.123680,113.807465,12.218407,-72.149445,90.722374,32.569164,-60.428261,111.479141,74.167976
4,0.033000,-0.000387,0.000416,0.000083,1.000000,-31.698891,28.847519,40.917484,-59.794735,30.209244,1.603368,-2.231362,28.210983,2.818644,-3.741679,27.487574,79.964317,-61.027802,29.482281,79.283699,-59.791637,30.199123,1.654545,-2.302468,28.223969,2.867673,-3.722635,27.481836,79.981491,-61.016338,29.487640,79.215721,-77.442871,31.336052,9.536207,-67.621887,52.688946,54.067757,-61.252533,71.064491,74.006386,-81.325943,72.765961,11.287542,-69.769592,30.409098,41.402042,-63.663155,28.446749,73.465942,-70.681587,111.058334,43.102257,-81.127045,113.880562,12.226794,-72.136665,90.787949,32.558857,-60.412968,111.518921,74.151741
5,0.041000,-0.000383,0.000461,0.000137,1.000000,-31.704018,28.847551,40.925045,-59.803551,30.206615,1.613480,-2.239856,28.214499,2.823541,-3.743130,27.490255,79.969345,-61.029530,29.478842,79.293930,-59.790962,30.199745,1.655908,-2.303324,28.223488,2.867013,-3.722411,27.485355,79.979889,-61.022167,29.483826,79.222473,-77.307007,31.410938,9.500051,-67.615257,52.726410,54.037762,-61.251301,71.093147,73.985107,-81.266220,72.830597,11.245340,-69.794395,30.453953,41.367252,-63.774536,28.469954,73.439522,-70.659950,111.126961,43.099339,-81.115601,113.953827,12.224714,-72.126511,90.856956,32.542912,-60.403442,111.548676,74.144135
6,0.050000,-0.000371,0.000478,0.000179,1.000000,-31.706863,28.843235,40.931202,-59.807850,30.200899,1.620609,-2.243936,28.213581,2.828681,-3.744543,27.487335,79.974518,-61.031139,29.471134,79.301086,-59.790802,30.195185,1.659288,-2.306608,28.221172,2.869617,-3.723285,27.482948,79.982307,-61.026184,29.475769,79.230011,-77.154099,31.476688,9.432947,-67.603729,52.782726,54.006016,-61.245590,71.134415,73.945518,-81.190239,72.923294,11.190804,-69.825615,30.492985,41.324875,-63.875355,28.522816,73.406906,-70.663918,111.182106,43.096283,-81.120285,114.030602,12.219238,-72.124878,90.915298,32.515495,-60.402115,111.578033,74.139496
7,0.058000,-0.000381,0.000495,0.000158,1.000000,-31.707165,28.843578,40.934566,-59.809399,30.201527,1.624885,-2.245536,28.211901,2.831078,-3.743595,27.487394,79.976974,-61.030125,29.473505,79.305420,-59.791695,30.195400,1.659369,-2.306870,28.220156,2.870694,-3.720725,27.482246,79.983879,-61.026772,29.479513,79.228630,-77.019608,31.573883,9.365427,-67.575531,52.828278,53.951115,-61.244732,71.156578,73.918839,-81.133781,73.001381,11.143419,-69.856522,30.531029,41.284832,-63.957821,28.562269,73.377388,-70.691002,111.216858,43.106979,-81.114731,114.085373,12.221062,-72.135460,90.954079,32.486202,-60.406189,111.600365,74.135033
8,0.066000,-0.000375,0.000486,0.000166,1.000000,-31.707022,28.846931,40.933002,-59.808636,30.204947,1.622882,-2.244761,28.216198,2.829990,-3.744066,27.490681,79.975861,-61.030624,29.475910,79.303383,-59.791500,30.199623,1.656452,-2.305846,28.223509,2.869807,-3.721505,27.486191,79.982857,-61.026871,29.481071,79.227814,-76.894516,31.660604,9.280295,-67.556931,52.866470,53.905689,-61.242802,71.175400,73.888275,-81.101570,73.075317,11.102944,-69.886986,30.573536,41.233074,-64.066849,28.592903,73.353653,-70.738815,111.253403,43.130501,-81.111137,114.133492,12.220871,-72.127869,90.992096,32.473282,-60.408318,111.619331,74.132851
9,0.075000,-0.000380,0.000486,0.000139,1.000000,-31.706968,28.847033,40.931656,-59.808456,30.206182,1.621485,-2.244690,28.214302,2.828684,-3.744143,27.489651,79.974564,-61.030586,29.478001,79.301987,-59.791138,30.199619,1.656788,-2.305017,28.222965,2.866338,-3.721818,27.484173,79.982803,-61.026215,29.484299,79.225334,-76.768768,31.758034,9.187495,-67.535210,52.898769,53.858246,-61.259705,71.188263,73.846123,-81.090096,73.136223,11.043423,-69.920967,30.606985,41.182400,-64.172577,28.620008,73.321671,-70.798836,111.280502,43.149269,-81.115471,114.186775,12.226479,-72.120171,91.033432,32.455887,-60.410179,111.637970,74.130905
10,0.083000,-0.000393,0.000481,0.000146,1.000000,-31.706736,28.848692,40.928448,-59.807854,30.206446,1.617962,-2.244079,28.215405,2.825785,-3.744274,27.492699,79.971657,-61.030735,29.480228,79.298485,-59.791626,30.201254,1.654576,-2.305776,28.222448,2.866596,-3.722203,27.488497,79.979622,-61.025780,29.484818,79.223755,-76.673073,31.831038,9.128507,-67.513100,52.921700,53.811287,-61.262615,71.196129,73.820404,-81.082794,73.173286,11.019628,-69.952431,30.623665,41.133003,-64.263855,28.652874,73.289474,-70.841087,111.309090,43.161697,-81.115135,114.238441,12.226468,-72.120659,91.079994,32.442188,-60.414684,111.651405,74.128311
11,0.091000,-0.000371,0.000481,0.000124,1.000000,-31.707161,28.845697,40.930115,-59.808266,30.206388,1.619714,-2.244565,28.212818,2.827391,-3.744719,27.486784,79.973236,-61.031097,29.476807,79.300201,-59.790241,30.200159,1.655485,-2.305755,28.221041,2.864495,-3.722862,27.481663,79.981842,-61.026436,29.482534,79.225471,-76.588097,31.887583,9.043708,-67.497673,52.946060,53.765533,-61.266201,71.204933,73.797134,-81.083633,73.200394,11.000083,-69.995895,30.635399,41.096500,-64.374146,28.658278,73.256676,-70.869507,111.337372,43.177635,-81.116226,114.291069,12.228930,-72.115067,91.117004,32.428463,-60.416103,111.662628,74.126884
12,0.100000,-0.000352,0.000468,0.000127,1.000000,-31.706554,28.845116,40.928673,-59.806641,30.207121,1.617602,-2.242968,28.213793,2.826691,-3.745121,27.484900,79.972473,-61.031490,29.474657,79.298027,-59.792007,30.199585,1.655129,-2.305281,28.223774,2.866923,-3.724554,27.479134,79.982597,-61.024593,29.480743,79.227310,-76.478996,31.954012,8.973970,-67.483765,52.962070,53.725578,-61.271984,71.212074,73.772171,-81.074020,73.240120,10.975204,-70.019569,30.650478,41.058628,-64.468582,28.671928,73.230949,-70.896736,111.363365,43.188271,-81.107338,114.339897,12.224654,-72.097420,91.170502,32.397324,-60.417999,111.670013,74.122086
13,0.108000,-0.000356,0.000467,0.000106,1.000000,-31.705946,28.845524,40.928295,-59.805893,30.208454,1.617146,-2.242300,28.212711,2.826384,-3.744653,27.484386,79.972160,-61.030941,29.476553,79.297577,-59.791626,30.202297,1.654743,-2.305048,28.221029,2.867490,-3.724078,27.479679,79.982307,-61.023884,29.481421,79.227081,-76.397629,31.994034,8.908331,-67.468002,52.973400,53.693081,-61.277287,71.219513,73.754425,-81.057274,73.269569,10.946584,-70.029869,30.664127,41.025837,-64.560654,28.687931,73.209900,-70.915108,111.382332,43.186913,-81.104065,114.379204,12.219748,-72.093292,91.198174,32.385731,-60.417950,111.673126,74.118889
14,0.116000,-0.000364,0.000460,0.000123,1.000000,-31.706852,28.844080,40.928349,-59.806286,30.205372,1.616782,-2.242643,28.211668,2.826869,-3.746066,27.484566,79.972633,-61.032413,29.474718,79.297203,-59.791077,30.200207,1.655298,-2.305785,28.218695,2.868873,-3.725091,27.480614,79.981659,-61.026199,29.478771,79.226288,-76.357857,32.008755,8.893238,-67.450424,52.992012,53.662998,-61.264145,71.239067,73.734665,-81.027092,73.301971,10.920631,-70.034164,30.678135,40.997215,-64.659363,28.699896,73.196159,-70.943520,111.418892,43.198296,-81.095001,114.415726,12.211041,-72.090164,91.229591,32.377869,-60.414974,111.681282,74.114349
15,0.125000,-0.000369,0.000464,0.000132,1.000000,-31.705856,28.844770,40.928532,-59.805618,30.205132,1.617163,-2.241927,28.212456,2.826834,-3.744748,27.486187,79.972626,-61.031139,29.475317,79.297600,-59.792328,30.198488,1.656635,-2.302920,28.221193,2.869723,-3.723690,27.481165,79.981491,-61.024677,29.480597,79.225716,-76.303070,32.026524,8.853314,-67.433983,53.008915,53.627907,-61.267532,71.252701,73.718788,-80.985413,73.342377,10.894281,-70.035088,30.695471,40.969994,-64.742371,28.722816,73.180061,-70.985069,111.440620,43.208199,-81.079964,114.453873,12.209108,-72.084579,91.260475,32.369934,-60.418087,111.693535,74.116188
16,0.133000,-0.000366,0.000466,0.000128,1.000000,-31.705666,28.844753,40.929821,-59.805595,30.205593,1.618597,-2.241927,28.212463,2.827975,-3.744382,27.485689,79.973770,-61.030758,29.475271,79.299042,-59.789742,30.199215,1.656290,-2.305702,28.221071,2.870807,-3.722900,27.480761,79.982025,-61.025055,29.480536,79.226967,-76.266632,32.056934,8.815692,-67.418961,53.027451,53.605629,-61.274193,71.263557,73.706535,-80.954468,73.387215,10.877606,-70.023682,30.707689,40.939774,-64.824745,28.738653,73.160088,-71.018440,111.452187,43.210426,-81.065979,114.478767,12.201159,-72.073677,91.297150,32.371243,-60.422813,111.704590,74.116631
17,0.141000,-0.000359,0.000492,0.000133,1.000000,-31.706310,28.843298,40.935101,-59.808266,30.204403,1.625332,-2.244514,28.211781,2.831739,-3.743014,27.483973,79.977600,-61.029446,29.473042,79.305824,-59.790588,30.199190,1.656082,-2.306252,28.219181,2.872475,-3.719659,27.479420,79.983231,-61.027325,29.478571,79.229065,-76.223198,32.101501,8.779712,-67.408134,53.046310,53.584320,-61.280460,71.277664,73.698257,-80.902924,73.430519,10.855947,-70.003418,30.738392,40.915424,-64.909531,28.752972,73.142189,-71.052849,111.469177,43.211960,-81.052475,114.502525,12.199242,-72.070023,91.324257,32.367397,-60.426395,111.714020,74.117699
18,0.150000,-0.000379,0.000481,0.000136,1.000000,-31.706968,28.844702,40.932220,-59.808083,30.204138,1.621789,-2.244339,28.211895,2.829528,-3.744513,27.487036,79.975388,-61.030937,29.475748,79.302284,-59.791397,30.198494,1.656551,-2.307119,28.219667,2.870690,-3.722426,27.482414,79.983139,-61.026077,29.480875,79.228149,-76.193932,32.147804,8.735343,-67.393814,53.065277,53.566162,-61.294525,71.296486,73.689934,-80.861938,73.473503,10.828484,-69.975540,30.766672,40.885548,-64.986465,28.780302,73.130447,-71.086861,111.480103,43.221088,-81.045265,114.529892,12.196593,-72.069008,91.352272,32.368290,-60.431843,111.731277,74.119911
19,0.158000,-0.000373,0.000471,0.000135,1.000000,-31.705484,28.844341,40.929813,-59.805798,30.204306,1.618826,-2.242082,28.211933,2.827710,-3.743827,27.486151,79.973526,-61.030231,29.474983,79.299286,-59.790218,30.198374,1.656099,-2.307145,28.220087,2.869421,-3.722681,27.481552,79.983612,-61.023392,29.479780,79.227119,-76.177284,32.181759,8.704834,-67.397141,53.081192,53.545444,-61.302490,71.313293,73.684280,-80.832886,73.500832,10.811744,-69.952293,30.792484,40.866203,-65.041611,28.806856,73.121071,-71.118553,111.486313,43.231121,-81.023293,114.558205,12.194352,-72.074524,91.385742,32.367085,-60.437756,111.743614,74.123123
20,0.166000,-0.000381,0.000462,0.000135,1.000000,-31.706974,28.844351,40.930229,-59.806599,30.203672,1.618728,-2.242905,28.211296,2.828652,-3.746003,27.486795,79.974457,-61.032391,29.475645,79.299179,-59.790527,30.198721,1.655705,-2.306150,28.218117,2.870710,-3.724364,27.482876,79.982666,-61.026909,29.479774,79.226555,-76.171539,32.208027,8.676893,-67.381073,53.106644,53.524937,-61.312450,71.330925,73.682625,-80.808868,73.523048,10.803143,-69.926659,30.819925,40.843288,-65.094849,28.825628,73.114372,-71.151672,111.490883,43.242329,-81.011726,114.583435,12.192446,-72.072891,91.411324,32.367920,-60.442699,111.759331,74.125946
21,0.175000,-0.000378,0.000461,0.000141,1.000000,-31.706120,28.845905,40.930050,-59.805702,30.205139,1.618519,-2.241996,28.213491,2.828509,-3.745177,27.488443,79.974304,-61.031597,29.476559,79.298965,-59.791058,30.198807,1.655612,-2.305002,28.222084,2.871240,-3.724096,27.483553,79.983162,-61.025215,29.481724,79.227760,-76.176987,32.228054,8.656483,-67.374916,53.125595,53.513550,-61.323692,71.351776,73.681656,-80.791893,73.546898,10.789548,-69.895973,30.848577,40.821339,-65.144691,28.845861,73.110840,-71.186005,111.499573,43.249783,-81.002884,114.610687,12.195597,-72.075066,91.432671,32.368114,-60.457275,111.799179,74.138176
22,0.183000,-0.000374,0.000463,0.000122,1.000000,-31.705841,28.845623,40.930305,-59.805500,30.206182,1.618877,-2.241859,28.212372,2.828670,-3.744835,27.486839,79.974457,-61.031174,29.477104,79.299316,-59.791058,30.200981,1.654566,-2.305769,28.219690,2.872312,-3.722887,27.482635,79.983574,-61.024529,29.481607,79.224274,-76.190147,32.238796,8.640274,-67.374107,53.140251,53.509174,-61.359249,71.354385,73.686043,-80.784607,73.567169,10.779284,-69.866798,30.870918,40.812378,-65.193115,28.852871,73.114502,-71.200111,111.512611,43.253231,-81.000175,114.631500,12.193444,-72.073631,91.455704,32.366486,-60.476513,111.818680,74.151024
23,0.191000,-0.000382,0.000450,0.000101,1.000000,-31.705305,28.845903,40.924721,-59.803902,30.207020,1.612550,-2.240372,28.210732,2.823851,-3.745359,27.486567,79.969620,-61.031605,29.479303,79.292976,-59.792973,30.200407,1.654867,-2.305812,28.219604,2.870594,-3.725025,27.481970,79.980659,-61.023277,29.483833,79.223343,-76.212906,32.245384,8.631187,-67.373169,53.159428,53.506653,-61.369270,71.373306,73.689835,-80.768715,73.587112,10.771440,-69.839920,30.894493,40.799702,-65.227921,28.871151,73.115097,-71.198738,111.529922,43.254078,-80.988945,114.662361,12.198050,-72.071526,91.477623,32.368156,-60.481472,111.835602,74.157883
24,0.200000,-0.000366,0.000458,0.000102,1.000000,-31.706434,28.844011,40.927288,-59.805679,30.206358,1.615626,-2.242133,28.210232,2.825904,-3.745836,27.483452,79.971672,-61.032093,29.476011,79.296043,-59.792061,30.201015,1.654962,-2.307688,28.217638,2.870269,-3.724668,27.479410,79.982224,-61.024467,29.480087,79.223480,-76.255569,32.235058,8.633585,-67.372803,53.181225,53.507267,-61.384464,71.397125,73.688286,-80.743736,73.624260,10.759194,-69.810165,30.916574,40.800961,-65.254204,28.898546,73.114288,-71.189514,111.554123,43.259773,-80.991493,114.690987,12.202889,-72.066643,91.502014,32.369411,-60.484749,111.852608,74.152771
25,0.208000,-0.000362,0.000471,0.000114,1.000000,-31.706799,28.843700,40.929337,-59.807049,30.205669,1.618379,-2.243423,28.210890,2.827221,-3.745198,27.483517,79.973015,-61.031521,29.474731,79.298828,-59.792580,30.200089,1.654798,-2.306802,28.218615,2.871569,-3.723768,27.479149,79.981194,-61.025326,29.479345,79.227051,-76.282295,32.233013,8.634653,-67.375557,53.205307,53.505398,-61.395309,71.420624,73.693832,-80.718048,73.656319,10.752185,-69.782646,30.938805,40.795055,-65.269783,28.924910,73.114738,-71.168007,111.596512,43.253685,-80.983559,114.717651,12.205832,-72.065666,91.527016,32.371181,-60.485439,111.868378,74.151566
26,0.216000,-0.000347,0.000466,0.000126,1.000000,-31.706652,28.843712,40.929733,-59.806526,30.206209,1.618528,-2.242863,28.212774,2.827901,-3.745425,27.483004,79.973663,-61.031796,29.472870,79.298935,-59.791821,30.199629,1.655177,-2.303739,28.221529,2.868831,-3.725011,27.477962,79.982124,-61.025787,29.478165,79.230324,-76.310089,32.242828,8.633631,-67.376976,53.231728,53.510754,-61.410480,71.458527,73.697884,-80.696014,73.684708,10.748714,-69.751083,30.968914,40.784458,-65.277939,28.956219,73.117149,-71.141228,111.635246,43.249207,-80.989693,114.743340,12.212096,-72.059547,91.552322,32.371273,-60.495533,111.887527,74.152786
27,0.225000,-0.000344,0.000479,0.000153,1.000000,-31.705961,28.844374,40.931702,-59.806953,30.205545,1.621243,-2.243146,28.215233,2.829093,-3.743628,27.484989,79.974892,-61.030121,29.471741,79.301682,-59.792095,30.200136,1.654794,-2.302157,28.222612,2.869598,-3.722358,27.480551,79.982086,-61.025143,29.476606,79.230675,-76.345123,32.256542,8.633174,-67.383827,53.258938,53.515369,-61.423416,71.495651,73.708870,-80.678818,73.715797,10.747570,-69.683556,31.023565,40.772484,-65.278572,28.981501,73.115273,-71.111214,111.679123,43.242622,-81.000099,114.782776,12.218033,-72.060760,91.593987,32.372448,-60.507286,111.911560,74.161110
28,0.233000,-0.000338,0.000481,0.000164,1.000000,-31.706392,28.843943,40.931847,-59.807568,30.205006,1.621518,-2.243719,28.215876,2.829105,-3.743875,27.484665,79.974899,-61.030411,29.470232,79.301956,-59.792519,30.200975,1.654240,-2.305099,28.221655,2.870546,-3.722950,27.481359,79.982758,-61.024677,29.473671,79.232559,-76.372467,32.272362,8.635434,-67.380470,53.293114,53.520126,-61.438251,71.519875,73.719162,-80.665581,73.745766,10.748783,-69.649109,31.055700,40.764584,-65.273674,29.010693,73.116440,-71.084213,111.713387,43.235817,-81.010185,114.815689,12.229134,-72.049698,91.622040,32.375477,-60.519852,111.937286,74.168152
29,0.241000,-0.000355,0.000485,0.000152,1.000000,-31.706545,28.844791,40.932907,-59.808022,30.205198,1.622769,-2.244207,28.214773,2.829939,-3.743732,27.486164,79.975777,-61.030228,29.473036,79.303238,-59.792183,30.200291,1.654508,-2.305375,28.221714,2.870415,-3.722478,27.482075,79.983292,-61.025108,29.477507,79.232826,-76.404770,32.287182,8.639564,-67.389420,53.323109,53.528915,-61.455475,71.544464,73.728821,-80.649818,73.775673,10.747699,-69.614601,31.092258,40.762527,-65.259811,29.038748,73.112366,-71.069908,111.752281,43.232815,-81.011948,114.850494,12.233543,-72.043625,91.646126,32.373745,-60.535709,111.962799,74.177948
30,0.250000,-0.000358,0.000480,0.000166,1.000000,-31.707651,28.844912,40.931896,-59.808743,30.204239,1.621443,-2.244884,28.215450,2.829257,-3.745213,27.487356,79.975075,-61.031757,29.472607,79.301903,-59.792030,30.199505,1.655019,-2.306141,28.222015,2.868367,-3.723922,27.483463,79.983009,-61.026825,29.476803,79.230827,-76.460426,32.303898,8.660184,-67.414635,53.352673,53.555809,-61.477798,71.573959,73.738831,-80.633369,73.813850,10.751882,-69.583824,31.134895,40.763931,-65.236053,29.068808,73.113655,-71.068390,111.789070,43.240459,-81.022667,114.880119,12.242384,-72.035088,91.676399,32.376175,-60.547508,111.995697,74.186798
31,0.258000,-0.000374,0.000476,0.000149,1.000000,-31.706911,28.845362,40.932442,-59.807632,30.204397,1.621714,-2.243850,28.213724,2.830061,-3.744843,27.488092,79.975899,-61.031319,29.475235,79.302193,-59.791016,30.199034,1.655374,-2.305204,28.221113,2.870087,-3.723044,27.483654,79.983383,-61.026711,29.480165,79.229385,-76.530930,32.296761,8.678363,-67.421173,53.398151,53.556763,-61.512077,71.600243,73.756073,-80.620064,73.848434,10.752166,-69.556824,31.174177,40.762936,-65.197731,29.100475,73.107468,-71.086792,111.841415,43.256119,-81.038834,114.906059,12.250889,-72.025780,91.704071,32.377480,-60.561646,112.030266,74.195641
32,0.266000,-0.000370,0.000473,0.000129,1.000000,-31.706699,28.845337,40.931904,-59.807171,30.205818,1.621047,-2.243468,28.212830,2.829671,-3.744888,27.486631,79.975494,-61.031281,29.476074,79.301506,-59.790592,30.201309,1.654464,-2.306350,28.219244,2.870741,-3.722612,27.482843,79.983353,-61.026375,29.480261,79.226517,-76.584259,32.303864,8.699243,-67.423340,53.439339,53.565262,-61.547089,71.630852,73.789108,-80.601768,73.883713,10.755444,-69.529823,31.212601,40.763550,-65.153160,29.137257,73.108383,-71.104797,111.872086,43.273674,-81.060738,114.932701,12.263969,-72.017616,91.732224,32.378628,-60.572117,112.064278,74.211205
33,0.275000,-0.000351,0.000475,0.000137,1.000000,-31.707853,28.844351,40.931690,-59.808529,30.205849,1.621011,-2.244792,28.213703,2.829292,-3.745839,27.484634,79.975090,-61.032261,29.473221,79.301453,-59.792282,30.200371,1.654718,-2.305902,28.221256,2.869990,-3.723111,27.479994,79.982414,-61.028011,29.478588,79.224342,-76.629105,32.329399,8.719032,-67.426521,53.499573,53.579746,-61.551712,71.695030,73.800987,-80.582619,73.928528,10.760937,-69.500008,31.258524,40.766659,-65.094917,29.171721,73.115410,-71.126717,111.902443,43.288250,-81.086700,114.969147,12.278416,-72.005653,91.770073,32.381931,-60.582916,112.104050,74.221794
34,0.283000,-0.000344,0.000468,0.000148,1.000000,-31.707249,28.844398,40.930756,-59.807362,30.205887,1.619685,-2.243605,28.214991,2.828792,-3.745788,27.484694,79.974556,-61.032242,29.472027,79.300095,-59.791302,30.201471,1.652752,-2.305101,28.221241,2.869991,-3.723525,27.480967,79.981834,-61.027645,29.476177,79.225471,-76.670563,32.370087,8.750878,-67.438858,53.544487,53.596676,-61.566078,71.747490,73.817604,-80.573792,73.960487,10.766476,-69.474503,31.301537,40.771626,-65.044350,29.204788,73.117455,-71.152008,111.928833,43.301418,-81.109535,115.004715,12.290726,-71.985115,91.821541,32.398476,-60.598820,112.165688,74.244240
35,0.291000,-0.000364,0.000480,0.000155,1.000000,-31.706926,28.842840,40.932568,-59.807987,30.202356,1.622102,-2.244172,28.212299,2.829936,-3.744525,27.485096,79.975761,-61.031025,29.471611,79.302574,-59.794086,30.198643,1.639885,-2.305294,28.218931,2.869837,-3.723911,27.481449,79.981796,-61.027695,29.476906,79.228333,-76.712921,32.407475,8.776228,-67.443863,53.592091,53.619228,-61.586452,71.804916,73.828545,-80.566811,73.992310,10.780108,-69.444199,31.351233,40.780849,-64.997559,29.242294,73.125542,-71.168510,111.974129,43.303574,-81.130562,115.046120,12.302267,-71.977623,91.877487,32.410744,-60.624931,112.226761,74.267540
36,0.300000,-0.000348,0.000473,0.000135,1.000000,-31.707451,28.843239,40.931599,-59.807896,30.205103,1.620778,-2.244174,28.212738,2.829367,-3.745660,27.483162,79.975151,-61.032070,29.471960,79.301201,-59.791195,30.200233,1.652502,-2.303596,28.219482,2.868524,-3.723681,27.479019,79.981552,-61.028557,29.476675,79.228745,-76.775726,32.439648,8.807709,-67.446152,53.654652,53.640892,-61.602497,71.879105,73.856148,-80.554489,74.047607,10.805629,-69.391434,31.418415,40.792988,-64.916870,29.300808,73.126877,-71.170845,112.032913,43.314842,-81.154579,115.101624,12.315833,-71.963531,91.934395,32.421513,-60.650986,112.294861,74.295731
37,0.308000,-0.000344,0.000489,0.000149,1.000000,-31.707413,28.842485,40.933651,-59.809196,30.203924,1.623771,-2.245381,28.213120,2.830440,-3.744289,27.482832,79.976265,-61.030781,29.470072,79.304237,-59.790802,30.199083,1.655786,-2.304913,28.219723,2.868233,-3.721680,27.478683,79.982117,-61.028648,29.474916,79.230377,-76.837990,32.457901,8.840553,-67.454002,53.700577,53.657990,-61.615433,71.940720,73.884209,-80.532959,74.093567,10.815074,-69.350914,31.482246,40.815945,-64.840981,29.351387,73.144211,-71.164589,112.089836,43.321083,-81.202660,115.152779,12.318047,-71.961441,91.986488,32.430534,-60.684341,112.343506,74.321243
38,0.316000,-0.000365,0.000471,0.000162,1.000000,-31.709030,28.842094,40.933567,-59.809452,30.201090,1.622626,-2.245626,28.211838,2.831429,-3.747267,27.484871,79.977242,-61.033787,29.470587,79.303070,-59.791016,30.195404,1.657662,-2.304710,28.219288,2.869647,-3.724854,27.480173,79.982864,-61.031540,29.475975,79.229668,-76.877853,32.491703,8.868358,-67.455154,53.761948,53.682339,-61.645157,71.997139,73.905090,-80.504265,74.146255,10.823580,-69.323105,31.534943,40.836620,-64.784912,29.391882,73.164062,-71.167313,112.144493,43.329407,-81.232262,115.193436,12.329659,-71.986420,92.029160,32.459843,-60.702335,112.395370,74.334991
39,0.325000,-0.000366,0.000465,0.000154,1.000000,-31.708511,28.842911,40.933018,-59.808453,30.202305,1.621744,-2.244675,28.212124,2.831221,-3.747225,27.485287,79.977013,-61.033703,29.471933,79.302177,-59.790466,30.197693,1.658175,-2.306384,28.218369,2.872124,-3.725384,27.481621,79.983047,-61.030262,29.475880,79.231064,-76.907471,32.544952,8.887504,-67.462593,53.825569,53.712784,-61.671692,72.065880,73.924484,-80.478905,74.208694,10.828994,-69.297699,31.601927,40.867760,-64.706238,29.462660,73.186165,-71.174690,112.226822,43.345371,-81.267723,115.232849,12.346348,-71.987396,92.102341,32.467083,-60.713028,112.456741,74.345917
40,0.333000,-0.000345,0.000465,0.000162,1.000000,-31.709105,28.842884,40.934612,-59.808998,30.203537,1.623353,-2.245194,28.214186,2.832845,-3.747863,27.484013,79.978600,-61.034370,29.469809,79.303757,-59.790565,30.199108,1.655506,-2.306765,28.220385,2.873573,-3.725908,27.480352,79.983551,-61.031853,29.473873,79.234398,-76.931816,32.607712,8.930489,-67.469208,53.891689,53.739780,-61.676365,72.141479,73.951630,-80.470459,74.265007,10.842073,-69.277687,31.655291,40.895962,-64.624184,29.541019,73.213158,-71.166687,112.281075,43.352161,-81.300774,115.272484,12.356222,-72.000282,92.149239,32.478931,-60.737564,112.538551,74.378471
41,0.341000,-0.000350,0.000466,0.000164,1.000000,-31.709820,28.843203,40.935055,-59.809853,30.203342,1.623875,-2.246031,28.214241,2.833194,-3.748441,27.484840,79.978966,-61.034954,29.470396,79.304291,-59.791481,30.198425,1.655559,-2.305874,28.220993,2.872243,-3.726469,27.480719,79.983940,-61.032825,29.475086,79.234497,-76.956894,32.661335,8.974908,-67.472382,53.985500,53.775913,-61.670177,72.235672,73.971237,-80.460724,74.307396,10.860701,-69.255325,31.717655,40.935886,-64.560905,29.612190,73.246513,-71.146362,112.354301,43.339790,-81.336769,115.308342,12.372076,-72.008598,92.210999,32.503414,-60.776794,112.629723,74.402260
42,0.350000,-0.000367,0.000475,0.000179,1.000000,-31.709894,28.843153,40.935715,-59.810650,30.201118,1.624978,-2.246755,28.213787,2.833354,-3.747797,27.486950,79.979179,-61.034382,29.470760,79.305443,-59.791458,30.195251,1.658462,-2.305350,28.221497,2.871761,-3.724755,27.482002,79.983253,-61.033875,29.476639,79.232201,-76.977303,32.710754,9.020139,-67.484703,54.052299,53.821678,-61.677544,72.324211,74.003387,-80.445740,74.355080,10.883351,-69.235657,31.794018,40.980740,-64.503181,29.703251,73.284843,-71.112541,112.436508,43.333019,-81.388458,115.353218,12.384148,-72.026299,92.295212,32.531170,-60.809494,112.714409,74.419418
43,0.358000,-0.000358,0.000480,0.000179,1.000000,-31.709232,28.842566,40.934990,-59.810375,30.201214,1.624551,-2.246463,28.213926,2.832332,-3.746751,27.485687,79.978157,-61.033344,29.469442,79.305016,-59.792114,30.196613,1.657980,-2.305744,28.220140,2.870327,-3.725428,27.481932,79.983887,-61.030476,29.473560,79.236366,-76.989632,32.752453,9.056766,-67.485107,54.103916,53.854389,-61.705269,72.380188,74.042030,-80.435112,74.394646,10.900865,-69.215462,31.858837,41.019291,-64.429840,29.793230,73.295120,-71.084320,112.510513,43.330078,-81.416580,115.407387,12.403359,-72.045044,92.345947,32.550728,-60.850780,112.769958,74.435120
44,0.366000,-0.000359,0.000474,0.000195,1.000000,-31.709188,28.843605,40.935341,-59.809895,30.201271,1.624560,-2.245939,28.215794,2.833047,-3.747135,27.487703,79.978851,-61.033787,29.469664,79.305008,-59.789719,30.197912,1.657766,-2.305871,28.220390,2.871097,-3.725584,27.485010,79.983017,-61.032433,29.472551,79.238197,-76.999611,32.804607,9.109688,-67.485687,54.161678,53.883232,-61.720020,72.449806,74.070045,-80.414597,74.442543,10.924413,-69.191650,31.925356,41.050182,-64.360146,29.863813,73.319244,-71.067772,112.579071,43.330257,-81.447372,115.472343,12.424181,-72.066971,92.421928,32.566650,-60.883839,112.815834,74.450096
45,0.375000,-0.000343,0.000482,0.000194,1.000000,-31.709558,28.843489,40.936691,-59.810871,30.202478,1.626381,-2.246895,28.216806,2.833921,-3.746909,27.486271,79.979729,-61.033566,29.468405,79.306831,-59.789925,30.197519,1.657533,-2.304906,28.223345,2.869872,-3.723563,27.481989,79.983131,-61.034805,29.473576,79.235222,-77.008179,32.857677,9.158731,-67.481514,54.229347,53.934212,-61.721630,72.530350,74.095955,-80.392876,74.498955,10.943172,-69.174919,31.995083,41.079514,-64.295784,29.933542,73.357132,-71.065086,112.642578,43.333366,-81.472794,115.523079,12.437124,-72.091713,92.487190,32.590199,-60.915489,112.885300,74.461960
46,0.383000,-0.000347,0.000486,0.000180,1.000000,-31.709257,28.842995,40.935387,-59.810852,30.202440,1.625305,-2.246934,28.215176,2.832374,-3.746316,27.485323,79.978195,-61.032921,29.469046,79.305771,-59.790657,30.196915,1.657888,-2.303972,28.222296,2.867568,-3.723033,27.480551,79.982635,-61.033268,29.474840,79.231544,-77.012207,32.898800,9.184429,-67.489868,54.285027,53.968834,-61.739098,72.601852,74.117615,-80.393623,74.552681,10.956766,-69.141479,32.065990,41.106724,-64.215988,30.013811,73.369110,-71.086655,112.709152,43.332951,-81.490608,115.561745,12.445554,-72.121864,92.530602,32.611412,-60.948425,112.973953,74.464798
47,0.391000,-0.000356,0.000481,0.000135,1.000000,-31.708008,28.842503,40.934772,-59.809124,30.203810,1.624408,-2.245388,28.211370,2.832040,-3.745553,27.482981,79.977867,-61.031975,29.471859,79.304871,-59.789650,30.198917,1.656220,-2.305195,28.218004,2.868887,-3.722458,27.478739,79.983589,-61.030663,29.476917,79.229736,-77.013496,32.949501,9.201304,-67.486397,54.345642,53.988724,-61.752655,72.676819,74.136307,-80.395660,74.591133,10.969940,-69.109940,32.139801,41.138458,-64.140709,30.075996,73.378380,-71.105232,112.763992,43.340069,-81.520027,115.598557,12.449248,-72.151939,92.572830,32.630260,-60.977451,113.051544,74.506493
48,0.400000,-0.000386,0.000472,0.000131,1.000000,-31.707386,28.844204,40.931042,-59.807743,30.203320,1.620057,-2.244049,28.210550,2.828905,-3.745681,27.486858,79.974747,-61.032070,29.476101,79.300545,-59.790070,30.197161,1.657016,-2.305307,28.218695,2.870824,-3.723205,27.481941,79.980141,-61.029148,29.481625,79.227264,-77.006500,33.012661,9.222828,-67.473671,54.424965,54.002319,-61.768158,72.758087,74.169762,-80.410744,74.630577,10.987909,-69.089005,32.201477,41.164280,-64.086601,30.113447,73.418251,-71.133179,112.817749,43.352783,-81.550911,115.639580,12.459466,-72.184059,92.645439,32.666473,-61.009373,113.132751,74.522575
49,0.408000,-0.000387,0.000459,0.000105,1.000000,-31.706322,28.845137,40.926769,-59.805634,30.205669,1.615095,-2.242074,28.209873,2.825365,-3.745654,27.486382,79.971169,-61.031925,29.478634,79.295547,-59.791203,30.198839,1.656642,-2.306745,28.218931,2.871804,-3.724621,27.481472,79.979057,-61.025875,29.483685,79.225533,-77.005348,33.080246,9.256550,-67.465851,54.478973,54.021217,-61.790485,72.819923,74.187134,-80.421257,74.670723,11.013376,-69.074203,32.258202,41.185459,-64.036774,30.160713,73.431412,-71.163574,112.861404,43.366257,-81.578781,115.672211,12.470111,-72.210915,92.707787,32.693653,-61.036514,113.179634,74.527832
50,0.416000,-0.000376,0.000420,0.000081,1.000000,-31.700203,28.846550,40.918369,-59.796345,30.209223,1.604497,-2.232969,28.210697,2.819291,-3.742692,27.485662,79.964951,-61.028816,29.480625,79.284828,-59.791111,30.200968,1.655875,-2.304492,28.221458,2.868009,-3.725134,27.481195,79.980019,-61.018665,29.484650,79.222862,-76.997055,33.144192,9.279483,-67.461441,54.528183,54.036079,-61.808376,72.868042,74.207268,-80.435379,74.723938,11.032162,-69.069954,32.306095,41.202122,-63.968628,30.227846,73.435822,-71.191406,112.911461,43.395531,-81.597748,115.711739,12.476952,-72.241974,92.750801,32.709831,-61.066860,113.222588,74.512260
51,0.425000,-0.000393,0.000386,0.000015,1.000000,-31.694376,28.848505,40.911777,-59.787643,30.213568,1.595941,-2.224621,28.207455,2.814740,-3.739717,27.485239,79.960320,-61.025524,29.487764,79.276215,-59.792484,30.203119,1.652863,-2.304250,28.221098,2.870138,-3.723788,27.480463,79.979858,-61.011398,29.491911,79.214165,-76.992325,33.192425,9.297422,-67.449890,54.585617,54.052467,-61.839138,72.925774,74.224869,-80.465004,74.781609,11.047838,-69.063911,32.355000,41.223885,-63.906712,30.294483,73.439728,-71.246414,112.963036,43.417461,-81.622299,115.755569,12.483188,-72.302818,92.800217,32.740246,-61.079876,113.277779,74.507591
52,0.433000,-0.000424,0.000438,0.000030,1.000000,-31.697348,28.850164,40.916260,-59.794777,30.211935,1.603279,-2.231568,28.207645,2.816164,-3.738552,27.490171,79.961952,-61.024498,29.490917,79.283730,-59.791927,30.201975,1.654891,-2.303794,28.220535,2.869606,-3.724340,27.484459,79.978493,-61.004784,29.496607,79.206619,-76.983932,33.221302,9.313917,-67.452713,54.630234,54.066818,-61.858231,72.973587,74.238670,-80.493668,74.815575,11.075185,-69.059860,32.390877,41.239475,-63.877167,30.334387,73.456917,-71.304749,112.996964,43.431248,-81.644333,115.791748,12.489996,-72.334229,92.830467,32.751846,-61.107861,113.345146,74.516388
53,0.441000,-0.000437,0.000483,0.000050,1.000000,-31.699932,28.850395,40.923847,-59.800934,30.210039,1.613346,-2.237529,28.208071,2.821138,-3.737590,27.492512,79.967087,-61.023678,29.490963,79.293930,-59.791492,30.198771,1.655048,-2.304449,28.222963,2.869180,-3.725214,27.484507,79.980225,-60.999443,29.500502,79.204987,-76.976631,33.245018,9.331385,-67.451248,54.666698,54.079430,-61.883442,73.018684,74.254326,-80.538406,74.837860,11.097769,-69.054916,32.431419,41.262825,-63.855255,30.370861,73.473297,-71.367226,113.035378,43.451942,-81.660988,115.826706,12.494099,-72.358551,92.857643,32.758778,-61.148857,113.406647,74.529602
54,0.450000,-0.000460,0.000515,0.000051,1.000000,-31.700760,28.849815,40.929146,-59.804325,30.207603,1.620412,-2.240843,28.205835,2.824545,-3.735873,27.493778,79.970612,-61.021996,29.492056,79.301109,-59.790314,30.198107,1.657043,-2.305748,28.218655,2.869809,-3.726633,27.486622,79.979980,-60.993534,29.501745,79.206154,-76.964096,33.277924,9.355069,-67.453835,54.704468,54.086830,-61.894703,73.087921,74.259499,-80.596886,74.850410,11.122047,-69.061005,32.463634,41.282162,-63.831867,30.427841,73.491310,-71.431160,113.080742,43.469944,-81.679848,115.862419,12.495984,-72.383469,92.887619,32.767563,-61.185730,113.458946,74.542732
55,0.458000,-0.000453,0.000536,0.000047,1.000000,-31.699604,28.848803,40.932064,-59.804810,30.207375,1.624537,-2.241296,28.205067,2.826214,-3.733084,27.491987,79.972336,-61.019222,29.490793,79.305267,-59.789829,30.196035,1.658916,-2.305580,28.220289,2.868717,-3.723927,27.482983,79.982307,-60.988808,29.503901,79.205048,-76.954002,33.304520,9.370177,-67.450592,54.732449,54.097485,-61.913990,73.109879,74.281898,-80.658684,74.860619,11.150783,-69.068954,32.491482,41.297100,-63.814087,30.475018,73.507408,-71.481300,113.106499,43.482384,-81.699661,115.882042,12.493601,-72.417572,92.908989,32.778404,-61.205906,113.490822,74.547066
56,0.466000,-0.000441,0.000547,0.000046,1.000000,-31.698662,28.848890,40.932045,-59.804726,30.208498,1.625159,-2.241188,28.206078,2.825537,-3.731296,27.491041,79.971672,-61.017441,29.489946,79.305908,-59.789173,30.197367,1.657959,-2.304231,28.221077,2.868033,-3.723821,27.482191,79.979912,-60.984272,29.503700,79.203506,-76.944283,33.322880,9.381818,-67.455994,54.767609,54.107052,-61.921860,73.144104,74.294647,-80.708084,74.880424,11.177238,-69.078346,32.511665,41.311401,-63.802505,30.512501,73.516914,-71.525230,113.122604,43.489910,-81.720253,115.901138,12.493032,-72.439484,92.942581,32.795990,-61.229069,113.518127,74.552460
57,0.475000,-0.000438,0.000547,0.000030,1.000000,-31.698572,28.848570,40.931496,-59.804611,30.209249,1.624635,-2.241141,28.205029,2.824968,-3.731227,27.489658,79.971107,-61.017311,29.490353,79.305367,-59.790451,30.197311,1.656017,-2.303023,28.221434,2.867867,-3.723719,27.479939,79.979202,-60.982262,29.506466,79.197906,-76.932442,33.351440,9.414064,-67.460434,54.798473,54.121052,-61.925644,73.174438,74.304214,-80.745033,74.899330,11.200555,-69.096336,32.532387,41.325985,-63.794075,30.549604,73.532227,-71.576599,113.144600,43.496685,-81.745476,115.918419,12.490145,-72.487976,92.967590,32.798134,-61.245430,113.542625,74.554649
58,0.483000,-0.000448,0.000548,0.000052,1.000000,-31.698269,28.849226,40.932018,-59.804390,30.207930,1.625147,-2.240831,28.206188,2.825484,-3.730839,27.492279,79.971634,-61.017014,29.490515,79.305901,-59.790504,30.197004,1.657032,-2.302790,28.221338,2.870375,-3.724218,27.483585,79.978500,-60.979889,29.505407,79.195625,-76.929848,33.365959,9.436405,-67.467705,54.822933,54.131157,-61.932266,73.196815,74.311302,-80.787209,74.909790,11.212729,-69.115295,32.548130,41.339817,-63.789970,30.579012,73.543999,-71.621284,113.157234,43.509171,-81.760529,115.929176,12.486355,-72.523438,92.983887,32.808537,-61.262608,113.562584,74.554825
59,0.491000,-0.000447,0.000560,0.000072,1.000000,-31.698353,28.848494,40.934135,-59.805519,30.206144,1.627967,-2.241844,28.206688,2.826860,-3.729889,27.492596,79.973045,-61.016159,29.488552,79.308746,-59.791100,30.196249,1.656841,-2.303565,28.220753,2.869275,-3.723381,27.484550,79.980469,-60.977806,29.503128,79.196808,-76.936768,33.370884,9.463553,-67.475822,54.851238,54.148315,-61.937828,73.216652,74.318047,-80.836800,74.921921,11.235248,-69.144447,32.553089,41.353905,-63.771988,30.613678,73.550461,-71.663185,113.170601,43.518665,-81.780846,115.936089,12.483911,-72.565521,93.003616,32.817333,-61.283810,113.584114,74.559692
60,0.500000,-0.000455,0.000559,0.000049,1.000000,-31.697924,28.849333,40.933807,-59.804928,30.207661,1.627553,-2.241349,28.205585,2.826616,-3.729618,27.492758,79.972816,-61.015797,29.491335,79.308342,-59.790623,30.197832,1.656261,-2.305756,28.220013,2.870824,-3.722268,27.484713,79.980759,-60.977970,29.505787,79.195442,-76.936569,33.378429,9.488721,-67.478569,54.875881,54.161499,-61.942291,73.237640,74.324966,-80.898529,74.929359,11.260513,-69.173950,32.558979,41.372223,-63.768398,30.640598,73.558830,-71.707626,113.182762,43.526375,-81.791222,115.944275,12.478681,-72.620102,93.006691,32.822159,-61.301548,113.605942,74.560860
61,0.508000,-0.000455,0.000550,0.000047,1.000000,-31.698769,28.849077,40.933418,-59.805046,30.207476,1.626649,-2.241498,28.205187,2.826771,-3.731191,27.492432,79.972939,-61.017345,29.491222,79.307411,-59.789104,30.197685,1.658172,-2.307232,28.219063,2.872035,-3.724825,27.484756,79.980042,-60.978573,29.504686,79.194382,-76.936752,33.383144,9.504561,-67.487389,54.890400,54.173557,-61.949944,73.254303,74.331703,-80.952789,74.929138,11.277459,-69.195305,32.562336,41.386833,-63.767117,30.658861,73.570045,-71.743095,113.189735,43.534142,-81.816498,115.947517,12.471236,-72.668602,93.026695,32.837902,-61.314392,113.620361,74.566010
62,0.516000,-0.000456,0.000549,0.000030,1.000000,-31.698883,28.848961,40.934246,-59.805073,30.208275,1.627442,-2.241594,28.204029,2.827632,-3.731391,27.491405,79.973801,-61.017479,29.492144,79.308212,-59.790783,30.197325,1.657921,-2.304616,28.219505,2.871137,-3.724141,27.482471,79.981789,-60.979248,29.508171,79.193031,-76.937721,33.394848,9.516183,-67.495430,54.906197,54.184849,-61.956318,73.278137,74.338326,-81.003075,74.929390,11.300562,-69.209938,32.570312,41.397419,-63.766449,30.670580,73.582420,-71.776405,113.198509,43.544052,-81.826195,115.949356,12.468226,-72.704521,93.038933,32.852489,-61.326347,113.634254,74.565742
63,0.525000,-0.000436,0.000552,0.000031,1.000000,-31.699627,28.849554,40.933807,-59.806015,30.210361,1.627195,-2.242527,28.206205,2.827022,-3.731939,27.490517,79.973167,-61.018036,29.491142,79.307938,-59.791447,30.199713,1.656196,-2.305343,28.221390,2.869209,-3.724802,27.481724,79.981422,-60.979103,29.507368,79.191879,-76.939758,33.409657,9.532880,-67.504776,54.922398,54.199322,-61.966938,73.294792,74.350258,-81.067184,74.933754,11.328457,-69.227028,32.575771,41.414730,-63.761723,30.689884,73.598457,-71.813957,113.203217,43.553894,-81.832466,115.951660,12.468084,-72.744766,93.046738,32.866913,-61.339314,113.647949,74.568626
64,0.533000,-0.000462,0.000551,0.000034,1.000000,-31.699318,28.849989,40.932587,-59.805660,30.208567,1.625866,-2.242160,28.204849,2.825871,-3.731671,27.493168,79.972054,-61.017776,29.493383,79.306648,-59.790897,30.198288,1.655849,-2.306096,28.219513,2.868778,-3.724111,27.484747,79.980560,-60.979588,29.508553,79.190666,-76.942711,33.418156,9.545935,-67.513557,54.933559,54.213928,-61.973934,73.309120,74.357292,-81.133324,74.938881,11.358825,-69.238922,32.578499,41.428612,-63.759796,30.700344,73.609352,-71.853554,113.201607,43.561138,-81.837318,115.950081,12.462939,-72.788223,93.043182,32.884350,-61.350292,113.657654,74.570625
65,0.541000,-0.000460,0.000554,0.000028,1.000000,-31.698767,28.849203,40.932560,-59.805286,30.208250,1.625988,-2.241811,28.203825,2.825692,-3.730938,27.491909,79.971886,-61.017025,29.492834,79.306778,-59.792328,30.198271,1.656028,-2.305033,28.218292,2.869220,-3.721960,27.483606,79.981209,-60.980659,29.507553,79.190132,-76.946487,33.421284,9.561623,-67.518791,54.936958,54.229347,-61.980717,73.317482,74.367836,-81.200928,74.931244,11.385054,-69.248085,32.581310,41.446503,-63.755680,30.708862,73.623032,-71.900681,113.188972,43.580509,-81.834183,115.951538,12.464413,-72.836777,93.054031,32.899845,-61.363487,113.664337,74.570641
66,0.550000,-0.000460,0.000545,0.000033,1.000000,-31.698509,28.849331,40.934055,-59.804390,30.208128,1.627013,-2.240911,28.204302,2.827680,-3.731322,27.492289,79.973839,-61.017418,29.492611,79.307785,-59.789215,30.197372,1.657066,-2.303135,28.219233,2.869142,-3.724467,27.483500,79.981979,-60.978554,29.508614,79.192177,-76.952835,33.423691,9.580495,-67.529037,54.942101,54.245735,-61.990131,73.329971,74.378571,-81.258545,74.925537,11.411995,-69.254997,32.587585,41.466553,-63.752712,30.719173,73.641251,-71.966133,113.167587,43.596619,-81.834808,115.948151,12.460401,-72.901932,93.040398,32.933525,-61.374176,113.671944,74.573524
67,0.558000,-0.000459,0.000562,0.000039,1.000000,-31.698080,28.849649,40.934399,-59.805298,30.208229,1.628301,-2.241752,28.205019,2.827039,-3.729573,27.492825,79.973259,-61.015713,29.492533,79.309105,-59.790962,30.198467,1.657311,-2.303550,28.218872,2.868038,-3.722015,27.484735,79.981979,-60.977383,29.507429,79.192322,-76.957352,33.425873,9.593400,-67.537766,54.955204,54.254574,-62.002338,73.330444,74.385277,-81.307877,74.922356,11.431477,-69.256676,32.592743,41.479145,-63.748753,30.728123,73.654053,-71.995049,113.154861,43.602501,-81.834183,115.947189,12.459913,-72.931198,93.042397,32.946499,-61.382092,113.677574,74.576797
68,0.566000,-0.000469,0.000559,0.000046,1.000000,-31.699318,28.850487,40.933014,-59.806324,30.207888,1.626721,-2.242750,28.205526,2.825838,-3.731015,27.494833,79.972054,-61.017185,29.493708,79.307533,-59.791447,30.198952,1.657207,-2.305839,28.218153,2.868290,-3.723671,27.487638,79.980316,-60.979427,29.506460,79.192833,-76.968697,33.425533,9.608495,-67.545990,54.962200,54.267059,-62.015118,73.334579,74.394516,-81.358208,74.926682,11.452061,-69.261856,32.601360,41.498360,-63.752705,30.724585,73.672707,-71.998260,113.153748,43.601505,-81.833038,115.948845,12.459923,-72.962364,93.039070,32.956314,-61.392414,113.678383,74.582680
69,0.575000,-0.000433,0.000554,0.000065,1.000000,-31.698414,28.849030,40.934242,-59.805035,30.208155,1.627743,-2.241409,28.207884,2.827346,-3.730491,27.491665,79.973495,-61.016727,29.488424,79.308487,-59.789150,30.196693,1.659172,-2.304789,28.223537,2.869242,-3.723428,27.482372,79.981796,-60.979050,29.504654,79.195061,-76.983307,33.425079,9.627388,-67.570404,54.949631,54.296135,-62.029373,73.338463,74.402466,-81.411812,74.926857,11.471794,-69.266220,32.607574,41.512772,-63.747005,30.723846,73.687309,-71.991913,113.154152,43.603661,-81.827721,115.949570,12.463777,-72.991112,93.036606,32.971649,-61.405037,113.679947,74.587158
70,0.583000,-0.000433,0.000557,0.000058,1.000000,-31.698641,28.848289,40.933178,-59.805500,30.207821,1.626861,-2.241895,28.206808,2.826089,-3.730482,27.490520,79.972244,-61.016689,29.488018,79.307610,-59.791321,30.196375,1.656232,-2.304054,28.222965,2.867528,-3.722623,27.480946,79.981163,-60.979259,29.505333,79.192383,-76.998108,33.429398,9.640794,-67.584457,54.951286,54.301392,-62.044724,73.335930,74.415276,-81.458763,74.931709,11.492952,-69.267555,32.616852,41.522526,-63.736225,30.718092,73.702431,-71.979973,113.157951,43.601852,-81.826553,115.949417,12.467441,-73.017845,93.032562,32.983421,-61.415874,113.682816,74.591026
71,0.591000,-0.000447,0.000559,0.000036,1.000000,-31.697338,28.849823,40.933300,-59.804325,30.209478,1.627073,-2.240798,28.205883,2.826086,-3.729051,27.491928,79.972282,-61.015182,29.492006,79.307854,-59.790413,30.199516,1.656244,-2.304128,28.220299,2.868567,-3.720808,27.483637,79.981323,-60.977810,29.507002,79.191513,-77.014648,33.436020,9.650679,-67.595901,54.948860,54.312698,-62.058025,73.334953,74.421997,-81.509201,74.927773,11.509022,-69.275139,32.619576,41.527527,-63.728214,30.714304,73.711182,-71.964172,113.160469,43.603470,-81.826958,115.947403,12.468092,-73.045029,93.024872,32.994068,-61.430275,113.708328,74.608910
72,0.600000,-0.000446,0.000561,0.000039,1.000000,-31.698486,28.849924,40.932922,-59.805634,30.209482,1.626810,-2.242085,28.206230,2.825597,-3.730044,27.492126,79.971786,-61.016186,29.491865,79.307594,-59.791801,30.199989,1.654803,-2.304193,28.220007,2.866800,-3.721977,27.484173,79.980797,-60.979282,29.506302,79.193512,-77.042885,33.456577,9.675577,-67.615280,54.944981,54.319031,-62.061077,73.339920,74.428535,-81.578262,74.924690,11.540092,-69.286057,32.625595,41.533997,-63.720261,30.710571,73.717133,-71.945763,113.165512,43.604099,-81.808472,115.950966,12.479224,-73.073425,93.017181,33.004124,-61.451721,113.730408,74.621483
73,0.608000,-0.000454,0.000549,0.000044,1.000000,-31.700329,28.851301,40.932659,-59.806557,30.209986,1.625860,-2.243021,28.207365,2.826041,-3.732798,27.494371,79.972206,-61.018944,29.493486,79.306625,-59.792656,30.200142,1.655101,-2.303828,28.221237,2.867005,-3.725259,27.486225,79.980743,-60.981392,29.508263,79.191772,-77.084061,33.466251,9.688869,-67.631187,54.945900,54.325115,-62.065971,73.343781,74.439140,-81.641670,74.914894,11.570108,-69.295540,32.630711,41.541111,-63.713409,30.707899,73.721596,-71.935287,113.166512,43.602425,-81.811302,115.950562,12.485183,-73.100105,93.012428,33.012375,-61.469257,113.733826,74.628540
74,0.616000,-0.000445,0.000550,0.000028,1.000000,-31.700056,28.849178,40.933628,-59.806297,30.209452,1.626897,-2.242827,28.204912,2.826953,-3.732508,27.490669,79.973106,-61.018585,29.491688,79.307648,-59.791924,30.199009,1.655533,-2.305650,28.219849,2.867309,-3.723862,27.481836,79.982964,-60.982143,29.507589,79.192230,-77.128563,33.473576,9.701591,-67.651062,54.944386,54.334213,-62.075760,73.341675,74.443901,-81.710136,74.900284,11.595722,-69.307823,32.636612,41.548084,-63.703709,30.701298,73.723778,-71.924362,113.162590,43.605549,-81.812325,115.950539,12.487767,-73.117592,93.010811,33.019485,-61.478310,113.732788,74.636040
75,0.625000,-0.000463,0.000547,0.000042,1.000000,-31.699806,28.849855,40.933903,-59.805878,30.207935,1.626968,-2.242351,28.205132,2.827415,-3.732431,27.493525,79.973587,-61.018574,29.492834,79.307747,-59.791439,30.198023,1.655857,-2.304036,28.219137,2.867514,-3.724382,27.485239,79.982880,-60.981647,29.507774,79.192909,-77.197311,33.475800,9.721863,-67.677277,54.948097,54.342617,-62.083904,73.343193,74.448898,-81.785019,74.885941,11.614978,-69.322937,32.645382,41.555614,-63.691021,30.701450,73.729683,-71.910500,113.165306,43.606136,-81.823425,115.948441,12.484545,-73.135651,93.009201,33.029251,-61.492527,113.730225,74.648865
76,0.633000,-0.000463,0.000557,0.000033,1.000000,-31.698380,28.849852,40.934830,-59.805214,30.208408,1.628464,-2.241704,28.204563,2.827746,-3.730240,27.493048,79.973946,-61.016357,29.493395,79.309258,-59.790081,30.198864,1.655831,-2.306270,28.218597,2.868975,-3.722335,27.485062,79.983177,-60.979027,29.507912,79.195816,-77.239998,33.481937,9.729457,-67.706261,54.947914,54.354370,-62.090706,73.347366,74.458061,-81.828140,74.886162,11.637138,-69.334656,32.653297,41.567646,-63.681709,30.700853,73.735687,-71.899727,113.166519,43.604778,-81.826920,115.947952,12.485247,-73.145836,93.009720,33.034641,-61.500595,113.732445,74.655731
77,0.641000,-0.000440,0.000554,0.000041,1.000000,-31.697920,28.848080,40.936092,-59.804489,30.208075,1.629585,-2.240962,28.205023,2.829191,-3.730047,27.489847,79.975357,-61.016190,29.489380,79.310341,-59.789371,30.198509,1.656450,-2.306669,28.219366,2.872146,-3.722637,27.481899,79.983849,-60.978348,29.503845,79.198517,-77.281021,33.501110,9.732142,-67.739647,54.945248,54.373253,-62.097656,73.351082,74.462883,-81.874138,74.890289,11.657811,-69.347672,32.660450,41.580372,-63.671482,30.699953,73.743629,-71.890434,113.171135,43.604553,-81.815544,115.950607,12.493093,-73.157814,93.002968,33.040066,-61.509369,113.737785,74.661049
78,0.650000,-0.000446,0.000542,0.000026,1.000000,-31.700193,28.848711,40.935276,-59.805824,30.208996,1.628110,-2.242383,28.204308,2.829057,-3.733253,27.490191,79.975189,-61.019314,29.491356,79.308846,-59.791553,30.199575,1.655801,-2.307190,28.218359,2.872461,-3.725412,27.482370,79.983772,-60.981846,29.505522,79.195427,-77.331627,33.513580,9.737867,-67.771057,54.949593,54.391937,-62.102097,73.361603,74.471336,-81.925789,74.891541,11.681047,-69.362930,32.668545,41.597565,-63.660957,30.704170,73.755203,-71.884193,113.175133,43.600185,-81.816376,115.953064,12.493687,-73.165337,93.002342,33.039818,-61.522396,113.744308,74.667465
79,0.658000,-0.000462,0.000548,0.000034,1.000000,-31.698921,28.847778,40.934742,-59.805054,30.206390,1.627874,-2.241561,28.202629,2.828184,-3.731483,27.490919,79.974358,-61.017590,29.491180,79.308655,-59.789974,30.195375,1.658560,-2.307163,28.218252,2.869922,-3.722061,27.481682,79.984970,-60.981743,29.507149,79.192101,-77.411423,33.502750,9.768537,-67.799095,54.955559,54.406227,-62.105034,73.375938,74.480888,-81.966774,74.888138,11.698755,-69.379410,32.677574,41.613758,-63.656498,30.708847,73.763901,-71.877861,113.182236,43.600792,-81.830299,115.954002,12.483752,-73.166946,93.003670,33.044983,-61.529678,113.750412,74.669968
80,0.666000,-0.000438,0.000539,0.000042,1.000000,-31.699770,28.850025,40.934200,-59.805202,30.210091,1.626888,-2.241707,28.207138,2.828151,-3.733027,27.491724,79.974258,-61.019146,29.491154,79.307602,-59.789360,30.199306,1.656225,-2.305924,28.222301,2.868862,-3.725195,27.482773,79.983643,-60.981255,29.507309,79.191750,-77.485237,33.487030,9.795895,-67.831848,54.960453,54.422115,-62.114059,73.386696,74.491272,-82.000175,74.901222,11.721391,-69.398323,32.690258,41.628960,-63.652378,30.718746,73.776711,-71.874962,113.186501,43.598320,-81.833588,115.956963,12.480652,-73.173836,93.002357,33.048363,-61.545498,113.756836,74.675606
81,0.675000,-0.000439,0.000549,0.000020,1.000000,-31.699574,28.849092,40.934910,-59.805725,30.210314,1.628149,-2.242297,28.204838,2.828279,-3.732115,27.489641,79.974419,-61.018158,29.491583,79.308899,-59.790466,30.200621,1.655301,-2.307770,28.219254,2.870755,-3.724823,27.481586,79.983070,-60.978889,29.506666,79.193253,-77.552284,33.482723,9.817495,-67.866814,54.971039,54.439610,-62.125366,73.415649,74.503357,-82.025810,74.918335,11.742662,-69.425659,32.698330,41.645874,-63.649780,30.727249,73.787125,-71.867989,113.197540,43.594044,-81.840004,115.960655,12.480540,-73.180206,93.002663,33.046928,-61.553963,113.767715,74.676147
82,0.683000,-0.000443,0.000542,0.000030,1.000000,-31.699127,28.848734,40.934677,-59.804749,30.209023,1.627502,-2.241290,28.204742,2.828470,-3.732198,27.490211,79.974594,-61.018276,29.490969,79.308235,-59.789509,30.199587,1.655753,-2.307762,28.218782,2.872255,-3.724577,27.482458,79.983200,-60.979950,29.505058,79.193428,-77.605820,33.498669,9.829704,-67.905197,54.981697,54.455013,-62.129478,73.441521,74.503929,-82.052055,74.930817,11.752218,-69.464668,32.702942,41.664520,-63.648796,30.743992,73.794228,-71.863609,113.211182,43.590145,-81.838997,115.969101,12.476282,-73.185471,93.007103,33.047123,-61.561237,113.780273,74.674553
83,0.691000,-0.000445,0.000547,0.000049,1.000000,-31.698742,28.849312,40.934578,-59.804810,30.208397,1.627678,-2.241263,28.206274,2.828076,-3.731370,27.491987,79.974220,-61.017532,29.490599,79.308426,-59.790768,30.198189,1.656290,-2.305720,28.221327,2.872729,-3.724089,27.483601,79.982079,-60.978828,29.505972,79.193512,-77.687134,33.511589,9.865785,-67.943016,54.988003,54.473202,-62.142136,73.451622,74.508522,-82.079224,74.938141,11.764990,-69.504463,32.704678,41.678864,-63.649063,30.752537,73.799950,-71.864822,113.221298,43.588280,-81.846306,115.976143,12.470963,-73.191582,93.010223,33.046417,-61.567455,113.794327,74.673935
84,0.700000,-0.000440,0.000551,0.000038,1.000000,-31.700111,28.849401,40.934750,-59.806423,30.209490,1.628062,-2.242911,28.206127,2.828041,-3.732497,27.491077,79.974190,-61.018623,29.490921,79.308815,-59.790009,30.198374,1.656987,-2.306020,28.221523,2.868563,-3.726123,27.481970,79.982346,-60.978996,29.507710,79.194321,-77.787422,33.496616,9.895784,-67.984978,55.002396,54.482643,-62.156921,73.461060,74.511513,-82.122452,74.939438,11.773885,-69.543633,32.715683,41.690865,-63.651913,30.769829,73.804939,-71.868042,113.232819,43.583630,-81.847038,115.990829,12.468897,-73.199089,93.017494,33.046314,-61.570827,113.802811,74.672188
85,0.708000,-0.000447,0.000544,0.000022,1.000000,-31.700262,28.851196,40.934490,-59.806019,30.211636,1.627415,-2.242580,28.206512,2.828172,-3.733200,27.492519,79.974312,-61.019253,29.494122,79.308159,-59.789871,30.200842,1.657024,-2.305489,28.221405,2.868434,-3.726237,27.483658,79.982964,-60.980179,29.510365,79.191986,-77.851501,33.499207,9.920482,-68.025024,55.015327,54.491974,-62.171520,73.472076,74.512009,-82.171684,74.946701,11.781021,-69.577141,32.727802,41.693954,-63.652973,30.778837,73.801231,-71.851730,113.263214,43.566299,-81.850952,116.000893,12.461625,-73.201958,93.024933,33.038815,-61.570484,113.815689,74.662727
86,0.716000,-0.000459,0.000550,0.000020,1.000000,-31.700247,28.850317,40.933846,-59.806431,30.209982,1.627052,-2.242994,28.204573,2.827218,-3.732762,27.492411,79.973396,-61.018814,29.494308,79.307831,-59.792171,30.200172,1.655939,-2.306450,28.218803,2.869979,-3.725194,27.484310,79.981895,-60.979973,29.509310,79.190399,-77.924355,33.525467,9.942257,-68.084480,55.035984,54.493595,-62.182842,73.486526,74.509773,-82.232353,74.951836,11.770402,-69.610207,32.750340,41.694004,-63.657845,30.794270,73.794266,-71.837326,113.286034,43.558949,-81.858223,116.010628,12.453644,-73.209732,93.032791,33.034077,-61.564838,113.832817,74.654785
87,0.725000,-0.000462,0.000557,0.000024,1.000000,-31.698778,28.849277,40.935116,-59.805550,30.208408,1.628718,-2.242074,28.203550,2.828059,-3.730711,27.491899,79.974266,-61.016785,29.493254,79.309525,-59.790546,30.197096,1.657188,-2.306497,28.219927,2.870779,-3.723607,27.482492,79.982651,-60.976952,29.510906,79.192101,-78.030205,33.534317,9.962297,-68.128220,55.054451,54.498337,-62.211388,73.492798,74.508652,-82.280067,74.961975,11.771098,-69.650452,32.768539,41.694778,-63.659615,30.807007,73.784103,-71.830460,113.304916,43.549927,-81.857994,116.026894,12.444731,-73.218819,93.042641,33.025944,-61.566002,113.849594,74.647537
88,0.733000,-0.000474,0.000559,0.000019,1.000000,-31.698639,28.849432,40.934814,-59.805534,30.207867,1.628488,-2.242076,28.202471,2.827671,-3.730446,27.492746,79.973900,-61.016499,29.494650,79.309311,-59.790443,30.195862,1.658680,-2.306690,28.219561,2.872180,-3.723815,27.482977,79.981369,-60.977520,29.512194,79.195511,-78.116920,33.534710,9.979303,-68.173500,55.061649,54.497707,-62.231636,73.496712,74.501129,-82.307480,74.985138,11.770285,-69.691505,32.779766,41.693085,-63.664482,30.820333,73.776749,-71.830177,113.315117,43.542427,-81.858902,116.037819,12.433047,-73.225563,93.048325,33.019264,-61.566605,113.860832,74.639496
89,0.741000,-0.000461,0.000552,0.000008,1.000000,-31.699511,28.849468,40.935085,-59.805870,30.209652,1.628429,-2.242467,28.202864,2.828306,-3.731850,27.491045,79.974495,-61.017860,29.494316,79.309212,-59.792183,30.198244,1.657177,-2.305663,28.219440,2.871889,-3.724241,27.481541,79.982719,-60.980247,29.511496,79.195564,-78.186302,33.546684,9.987791,-68.226669,55.063789,54.514088,-62.248291,73.508430,74.495003,-82.325417,75.005470,11.763393,-69.735664,32.797295,41.688950,-63.668938,30.826483,73.768196,-71.844498,113.317703,43.534954,-81.859222,116.050468,12.426150,-73.232079,93.059555,33.011478,-61.567791,113.868584,74.628738
90,0.750000,-0.000433,0.000545,0.000024,1.000000,-31.699327,28.849932,40.934994,-59.805119,30.211374,1.627988,-2.241680,28.206387,2.828634,-3.732225,27.490261,79.974762,-61.018284,29.491714,79.308708,-59.790184,30.201050,1.656874,-2.305674,28.221231,2.871096,-3.724722,27.481758,79.983231,-60.981255,29.506767,79.197029,-78.300049,33.545025,9.999238,-68.269905,55.069656,54.511845,-62.270767,73.517807,74.485641,-82.351349,75.021629,11.755492,-69.796928,32.809155,41.686470,-63.679020,30.838745,73.759750,-71.838211,113.329903,43.506512,-81.857788,116.064812,12.416124,-73.238686,93.067345,33.005150,-61.568008,113.881447,74.615051
91,0.758000,-0.000428,0.000549,0.000031,1.000000,-31.699100,28.849113,40.934368,-59.805286,30.210506,1.627636,-2.241802,28.206352,2.827722,-3.731608,27.489489,79.973854,-61.017704,29.490110,79.308357,-59.790619,30.200216,1.656855,-2.306291,28.221182,2.870095,-3.723116,27.480951,79.983147,-60.982937,29.504562,79.199394,-78.398666,33.535606,10.008984,-68.292320,55.095394,54.494846,-62.332882,73.503807,74.487007,-82.377930,75.026909,11.752410,-69.860512,32.812767,41.684486,-63.689240,30.846399,73.751335,-71.823517,113.343033,43.496151,-81.860725,116.068863,12.405367,-73.247650,93.069847,32.996922,-61.566830,113.894714,74.592148
92,0.766000,-0.000434,0.000540,0.000027,1.000000,-31.699839,28.848394,40.933384,-59.805309,30.209595,1.626140,-2.241874,28.204924,2.827269,-3.733057,27.488964,79.973381,-61.019115,29.490101,79.306854,-59.792336,30.199375,1.656510,-2.306626,28.219677,2.870849,-3.722601,27.480429,79.984055,-60.987915,29.503323,79.201981,-78.472664,33.541851,10.015114,-68.320320,55.101841,54.493893,-62.363976,73.505898,74.482323,-82.404640,75.023628,11.752754,-69.910133,32.826088,41.686935,-63.705265,30.858807,73.746605,-71.797279,113.363335,43.473354,-81.865448,116.073479,12.396429,-73.258125,93.074036,32.987301,-61.567123,113.900589,74.581337
93,0.775000,-0.000421,0.000516,0.000048,1.000000,-31.700665,28.848785,40.929420,-59.804314,30.209770,1.620850,-2.240831,28.207577,2.824703,-3.735697,27.489573,79.970726,-61.021824,29.488230,79.301498,-59.791630,30.199926,1.655922,-2.307197,28.221262,2.870617,-3.724697,27.481886,79.981865,-60.994106,29.498505,79.205650,-78.591835,33.543587,10.022328,-68.353363,55.105907,54.489189,-62.368172,73.532852,74.473381,-82.437897,75.020638,11.755922,-69.962242,32.831673,41.689400,-63.723011,30.869951,73.744637,-71.758736,113.383293,43.446014,-81.873222,116.077873,12.381134,-73.270073,93.077225,32.979321,-61.566498,113.909874,74.568832
94,0.783000,-0.000420,0.000491,0.000055,1.000000,-31.700533,28.848806,40.927059,-59.802200,30.209515,1.617065,-2.238756,28.208038,2.823836,-3.737536,27.489868,79.969788,-61.023647,29.487812,79.297646,-59.790833,30.199760,1.655489,-2.305558,28.221226,2.869722,-3.725576,27.482773,79.982422,-61.000179,29.496161,79.212151,-78.691879,33.549061,10.031476,-68.381882,55.111187,54.489475,-62.386997,73.547974,74.472954,-82.466255,75.014091,11.752885,-70.012856,32.846779,41.700565,-63.746338,30.884691,73.749420,-71.718422,113.399277,43.418427,-81.876740,116.079643,12.369280,-73.279785,93.080391,32.971283,-61.566574,113.917694,74.551620
95,0.791000,-0.000407,0.000404,0.000041,1.000000,-31.695816,28.849720,40.915283,-59.790577,30.212191,1.600417,-2.227402,28.209152,2.817196,-3.739676,27.489031,79.962852,-61.025612,29.488516,79.280762,-59.792755,30.201647,1.654359,-2.305235,28.222975,2.871177,-3.724452,27.483791,79.981979,-61.009342,29.493355,79.213928,-78.773323,33.560352,10.040414,-68.419685,55.105984,54.491901,-62.415642,73.554115,74.474571,-82.483665,75.006645,11.749797,-70.073746,32.848053,41.715698,-63.775902,30.897453,73.758339,-71.707169,113.418243,43.394947,-81.880310,116.078987,12.359086,-73.296097,93.079742,32.964516,-61.572544,113.929321,74.516960
96,0.800000,-0.000404,0.000382,0.000036,1.000000,-31.696352,28.848358,40.913540,-59.789391,30.211411,1.597464,-2.226290,28.207785,2.816731,-3.741923,27.487093,79.962311,-61.027813,29.487156,79.277740,-59.792583,30.202759,1.653146,-2.304390,28.219324,2.871425,-3.724530,27.482847,79.981354,-61.015053,29.490778,79.215004,-78.905449,33.547123,10.068844,-68.458710,55.107849,54.494553,-62.442684,73.563698,74.473557,-82.489708,75.007858,11.746078,-70.177948,32.825523,41.742794,-63.828163,30.906223,73.763206,-71.710777,113.419556,43.380596,-81.885078,116.080032,12.343962,-73.307358,93.081085,32.955090,-61.555260,113.951241,74.478378
97,0.808000,-0.000392,0.000440,0.000063,1.000000,-31.701036,28.846445,40.921448,-59.798706,30.208912,1.608664,-2.235359,28.208300,2.821204,-3.742006,27.485764,79.966949,-61.028076,29.482815,79.289078,-59.793472,30.199253,1.656961,-2.305694,28.220892,2.871565,-3.722278,27.479923,79.982285,-61.017208,29.488390,79.219727,-78.993736,33.524956,10.100218,-68.490639,55.105186,54.501671,-62.461082,73.572701,74.476768,-82.496193,75.004951,11.734068,-70.239494,32.819168,41.760376,-63.888401,30.910099,73.789177,-71.721169,113.420654,43.372612,-81.889000,116.072418,12.327728,-73.322006,93.076843,32.948105,-61.544250,113.959541,74.462250
98,0.816000,-0.000399,0.000441,0.000076,1.000000,-31.703651,28.845846,40.924965,-59.801460,30.206993,1.612234,-2.238056,28.207939,2.824649,-3.744474,27.486477,79.970413,-61.030609,29.481987,79.292656,-59.792870,30.198643,1.658133,-2.304823,28.218824,2.873402,-3.724601,27.481112,79.982651,-61.021458,29.487190,79.224052,-79.082100,33.495731,10.130793,-68.521278,55.105625,54.507427,-62.491344,73.563728,74.493393,-82.497093,74.995872,11.727127,-70.295082,32.817123,41.775970,-63.929558,30.914705,73.805443,-71.722206,113.403008,43.362473,-81.893845,116.066803,12.318255,-73.330673,93.076180,32.939495,-61.531300,113.960434,74.441467
99,0.825000,-0.000399,0.000453,0.000090,1.000000,-31.704554,28.847569,40.926041,-59.803368,30.207914,1.613995,-2.239871,28.210512,2.825004,-3.744385,27.488995,79.970810,-61.030590,29.482862,79.294456,-59.792496,30.200016,1.657502,-2.305224,28.220875,2.872973,-3.724262,27.483675,79.981049,-61.022587,29.488134,79.226067,-79.217133,33.454617,10.176950,-68.553520,55.106567,54.517410,-62.519688,73.560371,74.494484,-82.503075,74.986771,11.716753,-70.365685,32.811146,41.794331,-63.969452,30.925312,73.823151,-71.718864,113.392509,43.337387,-81.899246,116.057350,12.303264,-73.344887,93.067322,32.931335,-61.513050,113.962044,74.417801
100,0.833000,-0.000389,0.000459,0.000125,1.000000,-31.705273,28.845358,40.927967,-59.804653,30.204605,1.616293,-2.241006,28.211155,2.826562,-3.744540,27.487877,79.972366,-61.030895,29.477802,79.296745,-59.791405,30.197844,1.657327,-2.303670,28.220034,2.870688,-3.724452,27.483072,79.981308,-61.024189,29.482641,79.229042,-79.307869,33.423840,10.213400,-68.583237,55.100529,54.524368,-62.535095,73.559212,74.492241,-82.508148,74.975815,11.710423,-70.465828,32.786030,41.823189,-64.010826,30.937027,73.841621,-71.706291,113.385239,43.320374,-81.902992,116.045853,12.287189,-73.357430,93.058052,32.922527,-61.496769,113.961342,74.400177
101,0.841000,-0.000376,0.000476,0.000110,1.000000,-31.705853,28.844166,40.931385,-59.806496,30.205271,1.620677,-2.242869,28.210098,2.828989,-3.743863,27.484840,79.974823,-61.030186,29.476463,79.301155,-59.791924,30.199612,1.657685,-2.304697,28.217766,2.871318,-3.723307,27.480522,79.983116,-61.024117,29.480923,79.232475,-79.420349,33.390560,10.254258,-68.610291,55.098404,54.532139,-62.587421,73.536781,74.497566,-82.515823,74.963585,11.705213,-70.543839,32.770844,41.850872,-64.057091,30.942932,73.858200,-71.693649,113.380219,43.303154,-81.903236,116.033539,12.272313,-73.364693,93.048920,32.912720,-61.484249,113.960098,74.384094
102,0.850000,-0.000382,0.000459,0.000127,1.000000,-31.705873,28.845480,40.928741,-59.805264,30.205133,1.617086,-2.241606,28.211916,2.827325,-3.745130,27.487597,79.973129,-61.031498,29.477280,79.297531,-59.791023,30.198330,1.656587,-2.305078,28.220963,2.870011,-3.725078,27.482662,79.982574,-61.024700,29.482285,79.229797,-79.543320,33.353397,10.286188,-68.643204,55.085735,54.535580,-62.614262,73.528053,74.497093,-82.525734,74.944916,11.702524,-70.616875,32.754524,41.867699,-64.125900,30.934116,73.869308,-71.684700,113.371635,43.288319,-81.895882,116.018745,12.261616,-73.376884,93.035645,32.908733,-61.468666,113.952408,74.366829
103,0.858000,-0.000373,0.000448,0.000105,1.000000,-31.704851,28.844917,40.926777,-59.803272,30.206495,1.614490,-2.239728,28.210747,2.826032,-3.745076,27.485121,79.971779,-61.031342,29.477310,79.294899,-59.789433,30.198822,1.656928,-2.306311,28.220886,2.871035,-3.725643,27.479965,79.981850,-61.024006,29.482388,79.229309,-79.634079,33.336773,10.301353,-68.675728,55.070137,54.536541,-62.635368,73.517647,74.490044,-82.542938,74.931404,11.696127,-70.683884,32.740833,41.882961,-64.185005,30.918070,73.885406,-71.683159,113.362297,43.279854,-81.891640,116.008675,12.246930,-73.384575,93.028008,32.899868,-61.451859,113.943970,74.350998
104,0.866000,-0.000370,0.000464,0.000119,1.000000,-31.706131,28.846392,40.927948,-59.805836,30.207453,1.616561,-2.242196,28.213203,2.826264,-3.745085,27.487110,79.972061,-61.031414,29.477810,79.296997,-59.790199,30.200726,1.656446,-2.306243,28.222120,2.868397,-3.724741,27.482206,79.981079,-61.025192,29.482836,79.228500,-79.764252,33.309429,10.334525,-68.711731,55.056183,54.538189,-62.653172,73.506378,74.489311,-82.561089,74.914162,11.690008,-70.782562,32.698170,41.907452,-64.238510,30.907566,73.896515,-71.684357,113.350952,43.270649,-81.884277,115.990494,12.236047,-73.396072,93.014404,32.893826,-61.433266,113.933815,74.334007
105,0.875000,-0.000383,0.000463,0.000124,1.000000,-31.706078,28.846220,40.927605,-59.805714,30.206018,1.616138,-2.242074,28.212414,2.825990,-3.745082,27.488190,79.971802,-61.031437,29.478264,79.296585,-59.791435,30.197615,1.658631,-2.305273,28.223177,2.867863,-3.724564,27.482164,79.981926,-61.024563,29.484495,79.225754,-79.876808,33.273373,10.367565,-68.745491,55.039780,54.536121,-62.639259,73.513947,74.474991,-82.583611,74.894073,11.685697,-70.871094,32.684875,41.919880,-64.292038,30.895636,73.908592,-71.700706,113.334366,43.257355,-81.871681,115.973976,12.221169,-73.408058,93.003632,32.880470,-61.412621,113.921417,74.311134
106,0.883000,-0.000391,0.000453,0.000119,1.000000,-31.704865,28.846565,40.924263,-59.803696,30.205959,1.612198,-2.240086,28.211859,2.823260,-3.744680,27.488937,79.969048,-61.030994,29.479509,79.292641,-59.790779,30.197382,1.657562,-2.305244,28.222820,2.867597,-3.725057,27.483269,79.979652,-61.023540,29.485130,79.225197,-79.992661,33.231831,10.397287,-68.778168,55.019676,54.536034,-62.657459,73.504768,74.469635,-82.604225,74.879417,11.686339,-70.945755,32.669731,41.930138,-64.343330,30.884773,73.914764,-71.695244,113.314499,43.259121,-81.853333,115.960182,12.208258,-73.403290,92.986290,32.881359,-61.383659,113.913727,74.282028
107,0.891000,-0.000388,0.000456,0.000099,1.000000,-31.705645,28.846460,40.924683,-59.804665,30.207258,1.612803,-2.241132,28.210800,2.823493,-3.745273,27.487438,79.969284,-61.031513,29.480352,79.293251,-59.791428,30.199331,1.657105,-2.306591,28.221077,2.867475,-3.725057,27.482000,79.980240,-61.023926,29.485802,79.223511,-80.107346,33.195839,10.425733,-68.806580,55.003609,54.536377,-62.683697,73.481735,74.465942,-82.625656,74.863228,11.685634,-71.024315,32.648735,41.942482,-64.413284,30.859703,73.929367,-71.682610,113.300659,43.244789,-81.834839,115.943359,12.194281,-73.436180,92.964401,32.857410,-61.357098,113.900208,74.261856
108,0.900000,-0.000387,0.000460,0.000113,1.000000,-31.705248,28.847498,40.926941,-59.804672,30.207602,1.615325,-2.241075,28.212732,2.825472,-3.744474,27.489164,79.971275,-61.030781,29.480495,79.295776,-59.791332,30.200443,1.657185,-2.306600,28.222244,2.870516,-3.724014,27.484108,79.981476,-61.023354,29.485592,79.226166,-80.213814,33.181168,10.441987,-68.836876,54.986237,54.536705,-62.703640,73.462395,74.461403,-82.649612,74.842682,11.684535,-71.136765,32.612621,41.960850,-64.494278,30.839348,73.945145,-71.670021,113.264587,43.220406,-81.801399,115.928604,12.174682,-73.442581,92.943275,32.848392,-61.308975,113.850548,74.234741
109,0.908000,-0.000384,0.000457,0.000110,1.000000,-31.705957,28.847277,40.926975,-59.805126,30.207781,1.615191,-2.241543,28.212551,2.825689,-3.745437,27.488548,79.971481,-61.031723,29.480236,79.295639,-59.791531,30.201149,1.656845,-2.305329,28.221291,2.868166,-3.724980,27.483753,79.982117,-61.024387,29.485077,79.225121,-80.344345,33.159237,10.459572,-68.878899,54.972149,54.532265,-62.715305,73.441185,74.459290,-82.671646,74.820686,11.683216,-71.216400,32.595398,41.980293,-64.555542,30.826902,73.954689,-71.659424,113.239517,43.202881,-81.766762,115.910217,12.154036,-73.446236,92.928459,32.843460,-61.246288,113.824738,74.199890
110,0.916000,-0.000371,0.000461,0.000093,1.000000,-31.706142,28.847614,40.926552,-59.805561,30.210033,1.615015,-2.242038,28.212851,2.825034,-3.745374,27.486980,79.970818,-61.031597,29.480597,79.295441,-59.792797,30.202187,1.654349,-2.305653,28.223251,2.866526,-3.725051,27.481192,79.982635,-61.023384,29.486551,79.224495,-80.436287,33.147816,10.471066,-68.909439,54.952431,54.533142,-62.730145,73.420868,74.453453,-82.706703,74.797890,11.683289,-71.293083,32.572620,41.987305,-64.612099,30.822346,73.963020,-71.646774,113.221909,43.191128,-81.731644,115.893448,12.130885,-73.445107,92.913322,32.836742,-61.189598,113.808731,74.165207
111,0.925000,-0.000398,0.000431,0.000083,1.000000,-31.702972,28.846392,40.922646,-59.799980,30.207283,1.609337,-2.236581,28.209013,2.822938,-3.744590,27.487274,79.968666,-61.030735,29.482004,79.289734,-59.789616,30.198326,1.655773,-2.306249,28.220726,2.869524,-3.725707,27.481779,79.981911,-61.021591,29.487238,79.224373,-80.555252,33.123070,10.484673,-68.944481,54.931534,54.528854,-62.740868,73.395226,74.446602,-82.745323,74.776131,11.686853,-71.404686,32.537518,42.001289,-64.719894,30.785290,73.990433,-71.631699,113.202545,43.177437,-81.692085,115.874115,12.105048,-73.450851,92.900200,32.830502,-61.139870,113.771416,74.165947
112,0.933000,-0.000393,0.000459,0.000069,1.000000,-31.705111,28.847351,40.925522,-59.804268,30.209419,1.613787,-2.240849,28.209549,2.824172,-3.744602,27.487064,79.969978,-61.030727,29.483381,79.294243,-59.792473,30.202484,1.654689,-2.306885,28.218931,2.869648,-3.723678,27.482033,79.981682,-61.022144,29.488464,79.221687,-80.675697,33.082054,10.513654,-68.979866,54.911892,54.526920,-62.747108,73.374283,74.436394,-82.768044,74.759743,11.685190,-71.484444,32.508408,42.015057,-64.793762,30.769085,74.005478,-71.618004,113.184616,43.165672,-81.649590,115.858185,12.082394,-73.453285,92.881516,32.817997,-61.102642,113.758804,74.146484
113,0.941000,-0.000398,0.000450,0.000089,1.000000,-31.703693,28.847292,40.923649,-59.802235,30.207788,1.611423,-2.238762,28.210238,2.822807,-3.743789,27.488569,79.968597,-61.029984,29.482582,79.291870,-59.791519,30.199469,1.656323,-2.306137,28.221146,2.869859,-3.723770,27.483088,79.980644,-61.021267,29.487959,79.222801,-80.766190,33.053577,10.537102,-69.016548,54.891853,54.520451,-62.768650,73.340950,74.406845,-82.788834,74.749985,11.674766,-71.556389,32.486065,42.025845,-64.853226,30.759760,74.006424,-71.604347,113.162910,43.150299,-81.611778,115.849754,12.061309,-73.457413,92.870399,32.807922,-61.046989,113.754486,74.130501
114,0.950000,-0.000385,0.000463,0.000086,1.000000,-31.704756,28.845327,40.926273,-59.804310,30.207035,1.614806,-2.240810,28.209129,2.824655,-3.743854,27.485403,79.970459,-61.030052,29.479753,79.295265,-59.791523,30.199913,1.657364,-2.307195,28.218613,2.870581,-3.723712,27.480495,79.980988,-61.022316,29.484606,79.226830,-80.909256,33.004742,10.563357,-69.069305,54.872028,54.513298,-62.769180,73.316467,74.383835,-82.810814,74.743103,11.657577,-71.647171,32.468086,42.028450,-64.932503,30.748663,73.997696,-71.591339,113.141075,43.135628,-81.568916,115.842438,12.037486,-73.458702,92.853699,32.792240,-60.975296,113.751663,74.099052
115,0.958000,-0.000380,0.000438,0.000100,1.000000,-31.704054,28.845819,40.924023,-59.801708,30.207142,1.611188,-2.238217,28.210794,2.823844,-3.745031,27.486277,79.969574,-61.031254,29.479071,79.291580,-59.790653,30.199381,1.657205,-2.306388,28.220982,2.870619,-3.726609,27.481533,79.981239,-61.022854,29.483551,79.228523,-81.007889,32.979687,10.584482,-69.109894,54.860764,54.501331,-62.767960,73.301582,74.365570,-82.816551,74.746361,11.645918,-71.756355,32.436874,42.032211,-65.021378,30.723742,74.001312,-71.591949,113.110542,43.127041,-81.523521,115.841187,12.014425,-73.460968,92.844826,32.776958,-60.888588,113.739418,74.055801
116,0.966000,-0.000388,0.000447,0.000097,1.000000,-31.704187,28.846561,40.926136,-59.802521,30.207479,1.613772,-2.239022,28.210745,2.825457,-3.744495,27.487417,79.971222,-61.030716,29.480612,79.294189,-59.792160,30.200243,1.654696,-2.305614,28.220522,2.871709,-3.725589,27.482637,79.983101,-61.021816,29.485188,79.229858,-81.103691,32.970833,10.588187,-69.149956,54.847347,54.488934,-62.766129,73.287445,74.346581,-82.825836,74.754318,11.628888,-71.840630,32.423527,42.031742,-65.091965,30.705345,73.993835,-71.584991,113.088394,43.111221,-81.481453,115.839622,11.988857,-73.465309,92.839035,32.760246,-60.815777,113.715576,74.021507
117,0.975000,-0.000393,0.000454,0.000099,1.000000,-31.703979,28.845581,40.924950,-59.802830,30.205927,1.612937,-2.239305,28.209522,2.823895,-3.743774,27.487009,79.969696,-61.030018,29.479876,79.293381,-59.790981,30.198612,1.657206,-2.307485,28.219265,2.871511,-3.724497,27.482296,79.980652,-61.021851,29.484394,79.228088,-81.250465,32.964512,10.581467,-69.192635,54.841351,54.467594,-62.765514,73.252480,74.318604,-82.836121,74.767181,11.607323,-71.930893,32.417557,42.016605,-65.173401,30.691887,73.972801,-71.554405,113.055000,43.088131,-81.408615,115.848961,11.953747,-73.463890,92.838226,32.746964,-60.724258,113.696228,73.976585
118,0.983000,-0.000397,0.000434,0.000094,1.000000,-31.704041,28.846970,40.921703,-59.801315,30.207321,1.608562,-2.237859,28.210358,2.821824,-3.745401,27.488392,79.967560,-61.031593,29.481819,79.288956,-59.790672,30.200785,1.655602,-2.306978,28.219084,2.869994,-3.726898,27.484407,79.979256,-61.023079,29.485481,79.225746,-81.344040,32.980610,10.552664,-69.223076,54.836815,54.450409,-62.761932,73.237663,74.288086,-82.873070,74.784019,11.572793,-72.035309,32.401260,41.998856,-65.278526,30.663979,73.955170,-71.514664,113.031471,43.068138,-81.314842,115.865372,11.910441,-73.462875,92.843834,32.728874,-60.616215,113.651680,73.932487
119,0.991000,-0.000400,0.000431,0.000091,1.000000,-31.703552,28.847174,40.921356,-59.800636,30.207458,1.608077,-2.237195,28.210140,2.821621,-3.745103,27.488657,79.967354,-61.031281,29.482443,79.288475,-59.791565,30.199501,1.656646,-2.305056,28.220453,2.870938,-3.725702,27.483765,79.979286,-61.022491,29.487095,79.221695,-81.470581,32.992474,10.523367,-69.254318,54.837234,54.426842,-62.768547,73.216042,74.259659,-82.904419,74.791565,11.556275,-72.116348,32.400764,41.974457,-65.362770,30.653433,73.929276,-71.446594,113.028481,43.031116,-81.233459,115.880516,11.877553,-73.457596,92.847076,32.713829,-60.533672,113.613167,73.896530
120,1.000000,-0.000421,0.000427,0.000099,1.000000,-31.702366,28.846432,40.921082,-59.799110,30.204556,1.607481,-2.235651,28.208204,2.821639,-3.744254,27.490061,79.967392,-61.030453,29.482904,79.287910,-59.790565,30.196630,1.656864,-2.304815,28.218512,2.872351,-3.725598,27.485418,79.979233,-61.021561,29.487219,79.223885,-81.583855,33.018528,10.485013,-69.306602,54.827888,54.396976,-62.767975,73.193207,74.220451,-82.944176,74.804794,11.537678,-72.200302,32.404133,41.937305,-65.451736,30.657816,73.881447,-71.346001,113.033989,42.989609,-81.135986,115.901794,11.841469,-73.431969,92.865524,32.684258,-60.416912,113.600876,73.841621
121,1.008000,-0.000398,0.000439,0.000138,1.000000,-31.701862,28.845655,40.923222,-59.799648,30.203432,1.610351,-2.236003,28.211508,2.823049,-3.742716,27.489639,79.968811,-61.029087,29.478052,79.290771,-59.790207,30.196798,1.658306,-2.304170,28.220282,2.871984,-3.723577,27.485529,79.980743,-61.020351,29.481871,79.225090,-81.675507,33.051262,10.454229,-69.346146,54.824287,54.361870,-62.770134,73.176559,74.185410,-82.969704,74.823181,11.517223,-72.281723,32.425175,41.896118,-65.550705,30.651306,73.851982,-71.231750,113.055435,42.936958,-81.054451,115.923866,11.810221,-73.425446,92.873558,32.664772,-60.316479,113.600693,73.799759
122,1.016000,-0.000407,0.000437,0.000106,1.000000,-31.702137,28.847542,40.922455,-59.799706,30.206406,1.609471,-2.236197,28.210772,2.822387,-3.743201,27.490440,79.968155,-61.029446,29.482559,79.289902,-59.790985,30.199047,1.656625,-2.302164,28.220341,2.870924,-3.723374,27.485716,79.979996,-61.020638,29.487089,79.221481,-81.811241,33.057892,10.435511,-69.386681,54.830826,54.323421,-62.772392,73.162811,74.153076,-82.989555,74.847374,11.490541,-72.385468,32.427292,41.861771,-65.639267,30.647478,73.823303,-71.122208,113.057777,42.905037,-80.965439,115.951111,11.779404,-73.402328,92.890045,32.643108,-60.221012,113.595833,73.763107
123,1.024000,-0.000400,0.000443,0.000080,1.000000,-31.704018,28.847212,40.924473,-59.801983,30.208134,1.611847,-2.238557,28.209501,2.824053,-3.744695,27.488062,79.969826,-61.030842,29.483154,79.292274,-59.791779,30.199343,1.656482,-2.303056,28.220844,2.871146,-3.723828,27.482012,79.980942,-61.022503,29.489317,79.219864,-81.910873,33.083961,10.407173,-69.444313,54.831909,54.282261,-62.771954,73.154861,74.119438,-83.005661,74.881233,11.470151,-72.467712,32.449825,41.832359,-65.728882,30.636974,73.787025,-71.051369,113.043800,42.868896,-80.852859,115.986870,11.743741,-73.381714,92.909225,32.619530,-60.097969,113.593102,73.719276
124,1.033000,-0.000398,0.000425,0.000079,1.000000,-31.703938,28.846603,40.922066,-59.800518,30.207714,1.608461,-2.237150,28.208946,2.822673,-3.745982,27.487268,79.968384,-61.032097,29.482492,79.288841,-59.791458,30.199257,1.655684,-2.305020,28.219934,2.872827,-3.726440,27.482016,79.979927,-61.023300,29.487541,79.221954,-82.009758,33.127396,10.354372,-69.489555,54.853695,54.240005,-62.765598,73.150291,74.080673,-83.015678,74.924110,11.443233,-72.561577,32.466877,41.782143,-65.844978,30.614302,73.743073,-70.941254,113.039505,42.849094,-80.715775,116.033318,11.697264,-73.347298,92.929314,32.591133,-59.972126,113.575539,73.678055
125,1.041000,-0.000387,0.000428,0.000066,1.000000,-31.703203,28.846333,40.922211,-59.799988,30.209002,1.608801,-2.236652,28.208744,2.822635,-3.745052,27.485449,79.968338,-61.031128,29.482143,79.289177,-59.790874,30.200994,1.656540,-2.307179,28.219324,2.871499,-3.726077,27.480612,79.981628,-61.021729,29.486666,79.223694,-82.112259,33.184711,10.308424,-69.531364,54.861534,54.209995,-62.754810,73.145088,74.053452,-83.030304,74.974617,11.412339,-72.632263,32.487221,41.739330,-65.939003,30.617418,73.708138,-70.816216,113.058182,42.815411,-80.613297,116.070999,11.668481,-73.318619,92.952408,32.576756,-59.809750,113.568840,73.646393
126,1.050000,-0.000370,0.000437,0.000074,1.000000,-31.703896,28.846994,40.923454,-59.801399,30.210617,1.610592,-2.238020,28.211229,2.823323,-3.745022,27.485165,79.969032,-61.031139,29.480972,79.290962,-59.791191,30.203835,1.655435,-2.306759,28.220367,2.870955,-3.725350,27.480736,79.981712,-61.022018,29.485168,79.223320,-82.197838,33.260826,10.261281,-69.581581,54.877491,54.177696,-62.734108,73.152069,74.001709,-83.042336,75.044762,11.385485,-72.721741,32.507248,41.705933,-66.068359,30.618057,73.666885,-70.635315,113.095139,42.762722,-80.487579,116.124962,11.637914,-73.283958,92.983948,32.558521,-59.662945,113.553772,73.608383
127,1.058000,-0.000388,0.000430,0.000085,1.000000,-31.703239,28.847689,40.921947,-59.800179,30.209229,1.608607,-2.236766,28.211182,2.822292,-3.744933,27.487928,79.968002,-61.031078,29.482424,79.288986,-59.791405,30.201984,1.656554,-2.306750,28.220806,2.871656,-3.725937,27.483532,79.980995,-61.021763,29.486496,79.223557,-82.268890,33.328011,10.220325,-69.613960,54.896198,54.157459,-62.720917,73.148987,73.974571,-83.041428,75.116905,11.353846,-72.794495,32.542374,41.666325,-66.155968,30.634466,73.636505,-70.489647,113.118340,42.733627,-80.386642,116.172615,11.613138,-73.245605,93.016151,32.539707,-59.509270,113.515976,73.571739
128,1.066000,-0.000403,0.000446,0.000116,1.000000,-31.704124,28.846132,40.924038,-59.802460,30.204725,1.611590,-2.238882,28.210300,2.823415,-3.744432,27.489302,79.969200,-61.030735,29.480209,79.292038,-59.791164,30.197849,1.656054,-2.305495,28.219419,2.870017,-3.724482,27.484699,79.980614,-61.022438,29.484671,79.223648,-82.354424,33.386024,10.176482,-69.654648,54.911911,54.133232,-62.705715,73.149460,73.944710,-83.035980,75.174294,11.330164,-72.860596,32.584198,41.627537,-66.240219,30.669186,73.599365,-70.357307,113.136993,42.696537,-80.263863,116.227081,11.584897,-73.209236,93.043190,32.519341,-59.362751,113.487885,73.529251
129,1.074000,-0.000420,0.000435,0.000118,1.000000,-31.703255,28.846613,40.922482,-59.800686,30.203802,1.609337,-2.237126,28.209663,2.822563,-3.744462,27.491177,79.968338,-61.030750,29.481815,79.289780,-59.790260,30.195040,1.659190,-2.305248,28.220808,2.868457,-3.726119,27.486029,79.980858,-61.022179,29.486671,79.225662,-82.423264,33.449402,10.130994,-69.684425,54.934700,54.107689,-62.692017,73.147408,73.917221,-83.033539,75.232780,11.308542,-72.926086,32.631187,41.586983,-66.346588,30.682161,73.566277,-70.274986,113.136902,42.667198,-80.138054,116.283669,11.550129,-73.160088,93.078217,32.499180,-59.204643,113.493172,73.472038
130,1.083000,-0.000385,0.000460,0.000121,1.000000,-31.704271,28.845268,40.926285,-59.803665,30.205050,1.614636,-2.240029,28.211111,2.824858,-3.743526,27.487257,79.970657,-61.029861,29.477661,79.295090,-59.790897,30.197954,1.657907,-2.305098,28.220406,2.867654,-3.724352,27.482498,79.982071,-61.022015,29.482279,79.229057,-82.482811,33.531303,10.086589,-69.732765,54.964085,54.070271,-62.673199,73.155663,73.886276,-83.032906,75.303627,11.266730,-73.020866,32.668381,41.547306,-66.462135,30.719620,73.530754,-70.110542,113.164558,42.600368,-79.989166,116.356850,11.511229,-73.087410,93.119797,32.471245,-59.041531,113.513123,73.398376
131,1.091000,-0.000379,0.000458,0.000140,1.000000,-31.702763,28.845501,40.927010,-59.802044,30.204634,1.615259,-2.238342,28.212881,2.825701,-3.742132,27.488136,79.971489,-61.028542,29.476360,79.295692,-59.790451,30.198082,1.658134,-2.305485,28.221693,2.871192,-3.723292,27.483856,79.983147,-61.020149,29.480398,79.231522,-82.529160,33.614159,10.043878,-69.801437,54.990417,54.035370,-62.650661,73.160553,73.849991,-83.026390,75.364311,11.234153,-73.096886,32.706043,41.507069,-66.564323,30.734571,73.489395,-69.956940,113.193153,42.559277,-79.881889,116.409561,11.488204,-73.030960,93.152618,32.442413,-58.889515,113.516953,73.361717
132,1.100000,-0.000374,0.000432,0.000127,1.000000,-31.702366,28.844442,40.924801,-59.799629,30.204762,1.611650,-2.236044,28.211483,2.824965,-3.743735,27.485901,79.970673,-61.030052,29.475636,79.292007,-59.788681,30.197344,1.658991,-2.304479,28.221188,2.870923,-3.725931,27.481512,79.982712,-61.021606,29.479698,79.230537,-82.577301,33.712349,9.995377,-69.849289,55.028271,53.996216,-62.629253,73.169617,73.807487,-83.009598,75.441597,11.202903,-73.160683,32.757030,41.452847,-66.674545,30.750713,73.447105,-69.761589,113.259270,42.504543,-79.744164,116.479897,11.474799,-72.936447,93.206581,32.387600,-58.671684,113.527557,73.323532
133,1.108000,-0.000376,0.000430,0.000110,1.000000,-31.702358,28.844700,40.922104,-59.799374,30.205828,1.608804,-2.235863,28.210556,2.822423,-3.743976,27.485350,79.968117,-61.030220,29.477068,79.289162,-59.790440,30.195469,1.657635,-2.303785,28.223621,2.867558,-3.726273,27.479437,79.981651,-61.021088,29.482645,79.226952,-82.632263,33.783169,9.945740,-69.884033,55.067993,53.950035,-62.595909,73.183945,73.763138,-82.986214,75.531548,11.171556,-73.214272,32.817822,41.402081,-66.763779,30.776772,73.404167,-69.623253,113.277901,42.484062,-79.611794,116.550888,11.443749,-72.839874,93.238930,32.334633,-58.497215,113.525284,73.272507
134,1.116000,-0.000403,0.000400,0.000061,1.000000,-31.701618,28.845247,40.917610,-59.796108,30.206982,1.602530,-2.232871,28.206152,2.819762,-3.745744,27.485291,79.965401,-61.031754,29.482573,79.282852,-59.791100,30.197012,1.656551,-2.306271,28.218889,2.867480,-3.729309,27.480312,79.981255,-61.021278,29.487041,79.223282,-82.682632,33.860043,9.885452,-69.919579,55.093880,53.907585,-62.572392,73.178658,73.721596,-82.961388,75.603111,11.137218,-73.271889,32.876816,41.343479,-66.864769,30.792418,73.351463,-69.466873,113.295570,42.427246,-79.472404,116.621246,11.412555,-72.761192,93.269348,32.291050,-58.318161,113.515053,73.219055
135,1.125000,-0.000385,0.000442,0.000077,1.000000,-31.704382,28.846487,40.925133,-59.802288,30.208746,1.612511,-2.238876,28.209743,2.824733,-3.745112,27.486012,79.970482,-61.031246,29.481455,79.292915,-59.789581,30.199968,1.656175,-2.306962,28.221304,2.868843,-3.724239,27.479856,79.983604,-61.022366,29.487701,79.219505,-82.732605,33.954090,9.812657,-69.955597,55.122746,53.858280,-62.528168,73.187386,73.656456,-82.936501,75.680603,11.095917,-73.353088,32.925949,41.273766,-66.980247,30.820755,73.290466,-69.309578,113.314400,42.379250,-79.336357,116.688431,11.384970,-72.675346,93.303856,32.246964,-58.106266,113.477074,73.144493
136,1.133000,-0.000397,0.000416,0.000087,1.000000,-31.701357,28.847500,40.919106,-59.797203,30.208254,1.604959,-2.233818,28.210386,2.820283,-3.744137,27.488523,79.965965,-61.030270,29.482847,79.285309,-59.790497,30.201044,1.656215,-2.305339,28.219933,2.867246,-3.726063,27.484411,79.981606,-61.020096,29.486525,79.221405,-82.763466,34.033039,9.753785,-69.995277,55.147697,53.821487,-62.502598,73.197243,73.602325,-82.900780,75.748322,11.049881,-73.424294,32.966606,41.218422,-67.068832,30.834446,73.239204,-69.155212,113.334908,42.348732,-79.202850,116.752541,11.361959,-72.576736,93.333687,32.200817,-57.902008,113.461342,73.048912
137,1.141000,-0.000391,0.000424,0.000108,1.000000,-31.702477,28.847452,40.920544,-59.799038,30.207491,1.606882,-2.235547,28.212101,2.821219,-3.744543,27.489185,79.966911,-61.030781,29.481041,79.287254,-59.789288,30.198940,1.656479,-2.303995,28.223049,2.866210,-3.725777,27.484026,79.980827,-61.021626,29.485914,79.221146,-82.787193,34.105034,9.693440,-70.022217,55.181416,53.774326,-62.511234,73.175705,73.582550,-82.866371,75.815331,11.003433,-73.488365,33.007965,41.167690,-67.169228,30.832354,73.184074,-68.973015,113.360451,42.303993,-79.058441,116.809525,11.325702,-72.469589,93.369843,32.134968,-57.695042,113.442024,73.003456
138,1.149000,-0.000387,0.000408,0.000111,1.000000,-31.701967,28.846741,40.918602,-59.797253,30.206940,1.604035,-2.233788,28.211828,2.820239,-3.745306,27.488316,79.965881,-61.031532,29.479885,79.284355,-59.790333,30.198092,1.655928,-2.305666,28.223240,2.866386,-3.728566,27.483660,79.981102,-61.021549,29.484072,79.224327,-82.807251,34.171253,9.621827,-70.052422,55.208057,53.724308,-62.520645,73.138985,73.537445,-82.839058,75.887749,10.951507,-73.544830,33.057858,41.111031,-67.248528,30.833715,73.127281,-68.808678,113.380829,42.244926,-78.898430,116.862907,11.275658,-72.347641,93.397507,32.066811,-57.494209,113.436470,72.955238
139,1.158000,-0.000394,0.000420,0.000100,1.000000,-31.702610,28.846306,40.922470,-59.798836,30.206490,1.608580,-2.235389,28.210205,2.823386,-3.745010,27.487892,79.969086,-61.031212,29.480642,79.288948,-59.789944,30.197784,1.657721,-2.307694,28.221622,2.868228,-3.727549,27.483017,79.984558,-61.021317,29.485086,79.227188,-82.827232,34.258076,9.529753,-70.102173,55.229504,53.659290,-62.503044,73.118027,73.482178,-82.807007,75.968674,10.901703,-73.610214,33.118855,41.044731,-67.330566,30.850452,73.058380,-68.639015,113.398018,42.184921,-78.717178,116.917404,11.223216,-72.247032,93.420006,32.012566,-57.253944,113.448952,72.875252
140,1.166000,-0.000399,0.000433,0.000110,1.000000,-31.702862,28.845730,40.923569,-59.800148,30.205036,1.610401,-2.236629,28.209887,2.823710,-3.744203,27.488190,79.969452,-61.030460,29.479813,79.290810,-59.791111,30.197901,1.658681,-2.306935,28.219360,2.868541,-3.726439,27.484024,79.984192,-61.020870,29.483572,79.228378,-82.836769,34.352478,9.446487,-70.130852,55.252827,53.612358,-62.458462,73.116264,73.409294,-82.801407,76.041374,10.849751,-73.691635,33.148773,40.987858,-67.418472,30.858431,73.006332,-68.478287,113.403908,42.119129,-78.578568,116.951309,11.185630,-72.135231,93.432945,31.963617,-57.046341,113.438728,72.797737
141,1.175000,-0.000403,0.000452,0.000134,1.000000,-31.704357,28.846413,40.926521,-59.803169,30.204025,1.614386,-2.239507,28.211674,2.825576,-3.744185,27.490559,79.971382,-61.030560,29.479399,79.294846,-59.790985,30.197548,1.657425,-2.306944,28.220404,2.868808,-3.724935,27.486206,79.984337,-61.021828,29.483536,79.228165,-82.840622,34.440086,9.358761,-70.161545,55.279434,53.567200,-62.185116,73.220543,73.306664,-82.774582,76.088158,10.808784,-73.775742,33.176926,40.938622,-67.501740,30.875233,72.962219,-68.264183,113.419106,42.030430,-78.364998,116.980553,11.107790,-72.004105,93.458153,31.890541,-56.806446,113.391586,72.690239
142,1.183000,-0.000370,0.000435,0.000112,1.000000,-31.703800,28.845909,40.926300,-59.801270,30.207300,1.613334,-2.237731,28.212360,2.826279,-3.744969,27.486301,79.971985,-61.031235,29.477686,79.293701,-59.789803,30.199808,1.657275,-2.306167,28.222343,2.869117,-3.725876,27.481388,79.986206,-61.021912,29.482365,79.226860,-82.839287,34.508602,9.310515,-70.178238,55.302765,53.533566,-62.153469,73.184677,73.264015,-82.759491,76.116470,10.781693,-73.835770,33.203201,40.901024,-67.564514,30.893007,72.931160,-68.099655,113.416351,41.978065,-78.180801,117.006073,11.038395,-71.912346,93.452003,31.818420,-56.575710,113.364830,72.603668
143,1.191000,-0.000377,0.000453,0.000110,1.000000,-31.705013,28.845444,40.927055,-59.803856,30.206478,1.615056,-2.240282,28.211275,2.826008,-3.744817,27.486191,79.971779,-61.031105,29.477844,79.295471,-59.791367,30.198410,1.657226,-2.305381,28.221830,2.867513,-3.725273,27.480614,79.984451,-61.022610,29.483376,79.227165,-82.837479,34.557961,9.277080,-70.192429,55.315216,53.510696,-62.144375,73.153053,73.223045,-82.743416,76.134155,10.754751,-73.893204,33.225422,40.880646,-67.640686,30.905521,72.905075,-67.891060,113.427444,41.911125,-78.018745,117.020760,10.987782,-71.813919,93.455887,31.771242,-56.322594,113.351456,72.535561
144,1.199000,-0.000373,0.000450,0.000091,1.000000,-31.703911,28.845076,40.924351,-59.802425,30.207487,1.612166,-2.238935,28.210062,2.823511,-3.744042,27.484447,79.969261,-61.030243,29.478308,79.292572,-59.791470,30.198515,1.655430,-2.303850,28.221664,2.867025,-3.724769,27.478498,79.981621,-61.021622,29.484177,79.225609,-82.833084,34.591599,9.253201,-70.204117,55.327343,53.495228,-62.126678,73.118965,73.176041,-82.720139,76.153114,10.727922,-73.943710,33.245007,40.871037,-67.707932,30.912113,72.895363,-67.681458,113.415512,41.826809,-77.812424,117.037857,10.915039,-71.716019,93.461128,31.728659,-56.088058,113.342010,72.450645
145,1.208000,-0.000365,0.000430,0.000060,1.000000,-31.702507,28.845701,40.920727,-59.799385,30.210451,1.607463,-2.236077,28.209415,2.821037,-3.744256,27.482748,79.966713,-61.030304,29.480194,79.287804,-59.791737,30.200893,1.654371,-2.305429,28.221813,2.868021,-3.726365,27.477238,79.980827,-61.020565,29.485342,79.225487,-82.823776,34.613625,9.241591,-70.212296,55.338085,53.484406,-62.027145,73.123238,73.155861,-82.670227,76.173485,10.700959,-74.022194,33.264221,40.867702,-67.760422,30.935209,72.896599,-67.449234,113.382004,41.764172,-77.589005,117.042366,10.827754,-71.583847,93.475822,31.673500,-55.812241,113.304565,72.327667
146,1.216000,-0.000377,0.000426,0.000065,1.000000,-31.704891,28.846577,40.920811,-59.801506,30.210108,1.607308,-2.238178,28.209749,2.821344,-3.746906,27.484837,79.967026,-61.032974,29.481623,79.287659,-59.791710,30.201214,1.652014,-2.306080,28.221405,2.868527,-3.727734,27.479216,79.979568,-61.023911,29.487047,79.221664,-82.810646,34.621010,9.246304,-70.211823,55.348606,53.475899,-61.928177,73.125626,73.108215,-82.617134,76.183945,10.671865,-74.083038,33.277294,40.882923,-67.800484,30.955849,72.907265,-67.221184,113.360062,41.663475,-77.383652,117.028168,10.766811,-71.473122,93.478821,31.626961,-55.566948,113.273827,72.219170
147,1.225000,-0.000372,0.000420,0.000048,1.000000,-31.702930,28.846577,40.920547,-59.799026,30.211454,1.606730,-2.235791,28.209103,2.821422,-3.745461,27.483500,79.967079,-61.031448,29.482260,79.287048,-59.791904,30.201540,1.653665,-2.305944,28.222040,2.870284,-3.726117,27.477488,79.981758,-61.021130,29.488014,79.219543,-82.793785,34.625378,9.254519,-70.201668,55.363125,53.474789,-61.788250,73.140724,73.049286,-82.565292,76.191780,10.642775,-74.136444,33.294739,40.912716,-67.839722,30.991611,72.938011,-66.985336,113.346039,41.569439,-77.099770,117.008522,10.662294,-71.320778,93.483902,31.573376,-55.270226,113.272179,72.099998
148,1.233000,-0.000383,0.000403,0.000039,1.000000,-31.702185,28.846237,40.917751,-59.796906,30.210796,1.602939,-2.233747,28.207420,2.819654,-3.746080,27.483473,79.965279,-61.032009,29.483265,79.283234,-59.792763,30.201065,1.653431,-2.307093,28.220119,2.867910,-3.728089,27.478188,79.982445,-61.020840,29.488075,79.219513,-82.769913,34.636482,9.289288,-70.184799,55.378056,53.478081,-61.688477,73.147057,73.021690,-82.529655,76.187981,10.617896,-74.178329,33.302658,40.947315,-67.874023,31.040691,72.979889,-66.759224,113.338379,41.486473,-76.882690,116.985237,10.603447,-71.183846,93.467476,31.565622,-54.981785,113.262138,72.056808
149,1.241000,-0.000382,0.000411,0.000056,1.000000,-31.702047,28.846416,40.919868,-59.797432,30.210035,1.605490,-2.234179,28.208620,2.821311,-3.745291,27.484585,79.966957,-61.031296,29.482428,79.285812,-59.791172,30.200874,1.655566,-2.307391,28.220631,2.869990,-3.727575,27.479591,79.982536,-61.020893,29.486963,79.223579,-82.741585,34.640476,9.323228,-70.159355,55.397533,53.493214,-61.564224,73.157951,72.997169,-82.483437,76.180977,10.606880,-74.211655,33.312286,40.989937,-67.899719,31.079596,73.022148,-66.516563,113.316849,41.405125,-76.634071,116.987518,10.517217,-71.045197,93.441574,31.541866,-54.693592,113.255943,71.951164
150,1.250000,-0.000391,0.000427,0.000103,1.000000,-31.703524,28.845860,40.922550,-59.800293,30.206120,1.609042,-2.236810,28.210152,2.823064,-3.745389,27.487370,79.968773,-61.031609,29.479801,79.289421,-59.791142,30.198891,1.657063,-2.305907,28.219673,2.868557,-3.727805,27.483171,79.982437,-61.022400,29.483610,79.227997,-82.699142,34.659771,9.360649,-70.120331,55.419521,53.506176,-61.455162,73.163155,72.960320,-82.409897,76.181870,10.605474,-74.259323,33.333279,41.045250,-67.924133,31.107351,73.068359,-66.240021,113.292648,41.326500,-76.388687,116.970360,10.443093,-70.883560,93.435104,31.488503,-54.388905,113.206329,71.828262
151,1.258000,-0.000387,0.000429,0.000103,1.000000,-31.703577,28.845034,40.925835,-59.800529,30.205620,1.612476,-2.237043,28.209682,2.826202,-3.745255,27.486219,79.971916,-61.031479,29.478615,79.292854,-59.790249,30.197044,1.658554,-2.304535,28.220776,2.869555,-3.727566,27.481089,79.985344,-61.022526,29.483414,79.231018,-82.647324,34.679607,9.391171,-70.070595,55.439331,53.521305,-61.299263,73.178246,72.960358,-82.328819,76.171425,10.625733,-74.300095,33.348793,41.100212,-67.939621,31.139576,73.117958,-65.980774,113.270462,41.243248,-76.147697,116.938103,10.363230,-70.743240,93.416908,31.434208,-54.089249,113.208641,71.697029
152,1.266000,-0.000393,0.000433,0.000100,1.000000,-31.704018,28.844490,40.927528,-59.801258,30.204805,1.614365,-2.237779,28.208532,2.827680,-3.745410,27.485949,79.973412,-61.031628,29.478683,79.294762,-59.789871,30.196909,1.659952,-2.306432,28.218920,2.871511,-3.727203,27.481085,79.986664,-61.022789,29.483240,79.231522,-82.616760,34.685715,9.434299,-70.014687,55.458672,53.541229,-61.128361,73.222687,72.924133,-82.247406,76.159462,10.633586,-74.356636,33.355247,41.165836,-67.950073,31.179956,73.169395,-65.731064,113.259102,41.166569,-75.883446,116.921959,10.289742,-70.603027,93.405243,31.398375,-53.774487,113.191078,71.659615
153,1.274000,-0.000393,0.000449,0.000089,1.000000,-31.704914,28.844934,40.928810,-59.803368,30.205833,1.616535,-2.239895,28.208260,2.828032,-3.745100,27.485811,79.973808,-61.031296,29.479843,79.296967,-59.792404,30.197351,1.658389,-2.305764,28.219429,2.870009,-3.725965,27.480087,79.987610,-61.021988,29.485453,79.229805,-82.596474,34.674370,9.495466,-69.957520,55.475117,53.559315,-60.981144,73.234131,72.901680,-82.159462,76.145180,10.643245,-74.392494,33.361084,41.226543,-67.960770,31.222174,73.228020,-65.462250,113.233032,41.089283,-75.652756,116.900848,10.233225,-70.457207,93.397079,31.370556,-53.470303,113.183937,71.557938
154,1.283000,-0.000388,0.000435,0.000108,1.000000,-31.704346,28.845798,40.924324,-59.801781,30.206049,1.611292,-2.238262,28.210651,2.824339,-3.745544,27.487320,79.970078,-61.031796,29.479181,79.291687,-59.792126,30.198584,1.655639,-2.305982,28.220568,2.868143,-3.726982,27.482590,79.984322,-61.022259,29.483614,79.226898,-82.571701,34.669575,9.568913,-69.881317,55.490089,53.588135,-60.818184,73.237061,72.882301,-82.075722,76.132111,10.650798,-74.431702,33.371826,41.294262,-67.967072,31.260637,73.300079,-65.173813,113.201881,41.016068,-75.340851,116.897797,10.163864,-70.251625,93.383514,31.325314,-53.137367,113.140251,71.442657
155,1.291000,-0.000389,0.000442,0.000066,1.000000,-31.705082,28.845171,40.923351,-59.802921,30.207747,1.610690,-2.239552,28.207493,2.822983,-3.745884,27.484379,79.968735,-61.031975,29.481071,79.291092,-59.792664,30.200928,1.653677,-2.307942,28.216753,2.868077,-3.726659,27.479881,79.982491,-61.022461,29.485312,79.224503,-82.558571,34.669403,9.647767,-69.801521,55.509613,53.609425,-60.648834,73.251633,72.872009,-81.994041,76.123283,10.661335,-74.461655,33.384640,41.356468,-67.973122,31.297440,73.362610,-64.882210,113.178337,40.934635,-75.089523,116.855469,10.116532,-70.032837,93.367508,31.303236,-52.787651,113.113770,71.374008
156,1.300000,-0.000376,0.000436,0.000072,1.000000,-31.704840,28.846821,40.922173,-59.802258,30.210054,1.609233,-2.238882,28.210434,2.822116,-3.746059,27.485376,79.967834,-61.032166,29.481426,79.289604,-59.792751,30.200932,1.654214,-2.306543,28.222340,2.867775,-3.726439,27.479475,79.981636,-61.022602,29.487185,79.220978,-82.547432,34.667435,9.725010,-69.713638,55.523048,53.641735,-60.459171,73.266205,72.864182,-81.889557,76.129456,10.671346,-74.500572,33.400055,41.430538,-67.976807,31.356958,73.436928,-64.568535,113.151489,40.872349,-74.824287,116.823433,10.041749,-69.828049,93.350548,31.285158,-52.412247,113.109192,71.258026
157,1.308000,-0.000385,0.000421,0.000072,1.000000,-31.702206,28.845676,40.919163,-59.798389,30.208153,1.605320,-2.235055,28.208605,2.820042,-3.744647,27.484985,79.965721,-61.030735,29.480970,79.285667,-59.791195,30.199327,1.655331,-2.305042,28.220007,2.867375,-3.726252,27.479904,79.980461,-61.020832,29.485682,79.221031,-82.538376,34.668369,9.776311,-69.634262,55.528671,53.665012,-60.276443,73.267838,72.851028,-81.801346,76.135681,10.682032,-74.517349,33.420761,41.503063,-67.978516,31.396547,73.500938,-64.259583,113.128876,40.786983,-74.596497,116.801369,9.986112,-69.661377,93.316833,31.243683,-52.090157,113.060966,71.168098
158,1.316000,-0.000388,0.000405,0.000051,1.000000,-31.701050,28.846848,40.916924,-59.795959,30.210310,1.602200,-2.232742,28.208342,2.818718,-3.744760,27.485174,79.964355,-61.030746,29.483572,79.282516,-59.792095,30.199697,1.653473,-2.304946,28.221941,2.869152,-3.726958,27.479549,79.980026,-61.020000,29.488737,79.219757,-82.526367,34.678375,9.818143,-69.560303,55.532627,53.685825,-60.121433,73.273155,72.835030,-81.706009,76.139542,10.694253,-74.536484,33.430370,41.562263,-67.986069,31.434456,73.574104,-63.973869,113.095627,40.741764,-74.405876,116.769829,9.943204,-69.462875,93.293427,31.200441,-51.722069,113.024857,71.082008
159,1.324000,-0.000393,0.000449,0.000096,1.000000,-31.705391,28.847113,40.926361,-59.803890,30.207664,1.614100,-2.240386,28.210831,2.825564,-3.745535,27.488337,79.971344,-61.031757,29.481628,79.294540,-59.793091,30.200401,1.639259,-2.304929,28.222132,2.869847,-3.725636,27.482155,79.981689,-61.021851,29.489208,79.220863,-82.520088,34.692608,9.851896,-69.471626,55.533928,53.705406,-59.929626,73.262329,72.825760,-81.589661,76.152870,10.715740,-74.550621,33.442627,41.622719,-67.989639,31.461185,73.630318,-63.658356,113.063431,40.671494,-74.078079,116.746689,9.894334,-69.253937,93.263283,31.165949,-51.384312,113.003494,71.002403
160,1.333000,-0.000369,0.000458,0.000076,1.000000,-31.704351,28.845856,40.926521,-59.803467,30.209442,1.614809,-2.240020,28.210268,2.825189,-3.743884,27.484058,79.970963,-61.030029,29.479658,79.295227,-59.791874,30.203003,1.652677,-2.306212,28.219240,2.869291,-3.723984,27.479368,79.983315,-61.020927,29.484335,79.226425,-82.516472,34.704464,9.905296,-69.358391,55.550838,53.732883,-59.705265,73.249542,72.810432,-81.457542,76.169472,10.733101,-74.572495,33.453556,41.693394,-67.985985,31.483906,73.687439,-63.295692,113.024353,40.612885,-73.763786,116.721817,9.850674,-68.998268,93.251144,31.157696,-50.949333,112.963776,70.914856
161,1.341000,-0.000380,0.000469,0.000106,1.000000,-31.705357,28.844893,40.929951,-59.805443,30.205864,1.618838,-2.241841,28.210243,2.827969,-3.743926,27.485699,79.973793,-61.030220,29.477772,79.299309,-59.791901,30.197844,1.657511,-2.305058,28.220850,2.869720,-3.723561,27.479748,79.984436,-61.022728,29.483963,79.229164,-82.520088,34.726387,9.975217,-69.259903,55.552174,53.767078,-59.500664,73.241135,72.801613,-81.326309,76.175400,10.749207,-74.587860,33.463890,41.754288,-67.985001,31.503689,73.744835,-62.961655,112.984489,40.545540,-73.537437,116.701508,9.816063,-68.783554,93.233421,31.151794,-50.588615,112.889549,70.845650
162,1.350000,-0.000369,0.000433,0.000104,1.000000,-31.702698,28.844469,40.927418,-59.799911,30.206421,1.614285,-2.236411,28.210556,2.827570,-3.744123,27.484304,79.973267,-61.030354,29.476606,79.294647,-59.788967,30.199522,1.658041,-2.304626,28.219828,2.873185,-3.725504,27.479914,79.985794,-61.021530,29.480717,79.230843,-82.527611,34.724766,10.056484,-69.152634,55.545448,53.795273,-59.251831,73.235855,72.785080,-81.177155,76.168549,10.767486,-74.605667,33.479843,41.837074,-67.981972,31.531727,73.808693,-62.620861,112.929512,40.493755,-73.242043,116.665718,9.771931,-68.538078,93.168106,31.093666,-50.127514,112.845657,70.760513
163,1.358000,-0.000385,0.000444,0.000107,1.000000,-31.703365,28.845116,40.926476,-59.801495,30.205673,1.613951,-2.237958,28.210184,2.825963,-3.743875,27.486334,79.971718,-61.030136,29.478281,79.294357,-59.790184,30.197817,1.657062,-2.305789,28.220636,2.871456,-3.724807,27.481222,79.984077,-61.021381,29.483192,79.228966,-82.534180,34.719341,10.124980,-69.050652,55.546455,53.818279,-59.039616,73.217323,72.775146,-81.051125,76.157608,10.786065,-74.615227,33.478630,41.896801,-67.982841,31.554295,73.864182,-62.266113,112.907806,40.413322,-72.968727,116.626488,9.764030,-68.315689,93.128059,31.072723,-49.746380,112.758827,70.663391
164,1.366000,-0.000370,0.000462,0.000101,1.000000,-31.705809,28.845135,40.929520,-59.805363,30.207174,1.618066,-2.241805,28.210888,2.827909,-3.744903,27.484877,79.973694,-61.031162,29.477606,79.298500,-59.791695,30.199602,1.657068,-2.304879,28.220901,2.869305,-3.724519,27.479250,79.984367,-61.023766,29.483435,79.228157,-82.539383,34.711929,10.191549,-68.960991,55.533886,53.848106,-58.823471,73.192055,72.759857,-80.941025,76.136383,10.786879,-74.611702,33.482460,41.946751,-67.978493,31.575521,73.919907,-61.926765,112.842163,40.380280,-72.719833,116.597023,9.728491,-68.068184,93.108482,31.070932,-49.332806,112.682304,70.606163
165,1.375000,-0.000390,0.000446,0.000109,1.000000,-31.704416,28.844866,40.926773,-59.802715,30.204926,1.614353,-2.239171,28.209587,2.826145,-3.744757,27.486578,79.971909,-61.031025,29.478380,79.294777,-59.790844,30.196806,1.657462,-2.305748,28.220276,2.869848,-3.725041,27.481079,79.984566,-61.022331,29.483799,79.226257,-82.550720,34.694473,10.258094,-68.859573,55.513809,53.887512,-58.575829,73.161163,72.743774,-80.778214,76.120071,10.822403,-74.597916,33.483418,42.000305,-67.974716,31.588322,73.994507,-61.525909,112.774208,40.300682,-72.441689,116.538330,9.687686,-67.791878,93.069344,31.044483,-48.868389,112.583626,70.489998
166,1.383000,-0.000393,0.000447,0.000085,1.000000,-31.705219,28.844774,40.926842,-59.803509,30.205917,1.614451,-2.240056,28.207832,2.826178,-3.745571,27.485407,79.971954,-61.031746,29.479948,79.294876,-59.791969,30.197720,1.656290,-2.306337,28.218714,2.870969,-3.725386,27.479708,79.984192,-61.022991,29.485655,79.224892,-82.564613,34.688286,10.323113,-68.753754,55.496025,53.921173,-58.338451,73.091919,72.725349,-80.619827,76.115715,10.851964,-74.584503,33.475582,42.048000,-67.964363,31.593805,74.052238,-61.196274,112.692154,40.270443,-72.164406,116.508270,9.699952,-67.562660,92.988464,31.008343,-48.434483,112.502518,70.422882
167,1.391000,-0.000374,0.000456,0.000099,1.000000,-31.707251,28.844700,40.928596,-59.806263,30.206589,1.616749,-2.242732,28.210133,2.827394,-3.746885,27.484596,79.973167,-61.033131,29.477489,79.297173,-59.795116,30.201065,1.639100,-2.305790,28.219055,2.872096,-3.726808,27.479580,79.982498,-61.023026,29.483574,79.223114,-82.572540,34.685814,10.384622,-68.637451,55.473614,53.952629,-58.105515,73.040344,72.707954,-80.468132,76.107368,10.872334,-74.567749,33.463196,42.099102,-67.944038,31.590626,74.107109,-60.829151,112.617767,40.222607,-71.893784,116.471802,9.684365,-67.305740,92.945160,31.003103,-48.044167,112.419449,70.361046
168,1.399000,-0.000371,0.000429,0.000077,1.000000,-31.703747,28.846088,40.922768,-59.800613,30.209425,1.609439,-2.237236,28.210438,2.823126,-3.745508,27.484539,79.968811,-61.031628,29.479958,79.289795,-59.792202,30.202431,1.649374,-2.305740,28.220177,2.869747,-3.726295,27.479839,79.982849,-61.021240,29.484535,79.222504,-82.586494,34.688347,10.431686,-68.513504,55.450279,53.980785,-57.853966,72.989525,72.700897,-80.322418,76.064270,10.886359,-74.541512,33.447056,42.153938,-67.907372,31.597349,74.167900,-60.480148,112.552139,40.187664,-71.616196,116.412941,9.667392,-67.042152,92.891159,30.992964,-47.595158,112.322495,70.281120
169,1.408000,-0.000398,0.000435,0.000081,1.000000,-31.704498,28.847206,40.923382,-59.801842,30.208202,1.610309,-2.238431,28.209681,2.823427,-3.745791,27.487984,79.969170,-61.031933,29.482964,79.290718,-59.791912,30.199074,1.656199,-2.306437,28.221548,2.869163,-3.725957,27.482071,79.982903,-61.022495,29.488743,79.221222,-82.598358,34.680672,10.486087,-68.397476,55.426472,54.010372,-57.577942,72.918167,72.695709,-80.141838,76.034241,10.920015,-74.493622,33.427189,42.230045,-67.855751,31.590813,74.232277,-60.083908,112.443459,40.155777,-71.303543,116.367256,9.673359,-66.738884,92.830620,30.966166,-47.116898,112.178101,70.177757
170,1.416000,-0.000406,0.000436,0.000088,1.000000,-31.704771,28.847733,40.924541,-59.802246,30.207714,1.611531,-2.238807,28.209988,2.824512,-3.745934,27.489523,79.970276,-61.032104,29.483717,79.291954,-59.792233,30.199459,1.656738,-2.305580,28.220760,2.869594,-3.726139,27.484089,79.983673,-61.022854,29.489008,79.222679,-82.611038,34.662380,10.539896,-68.291779,55.395252,54.059105,-57.327248,72.844856,72.679008,-79.977814,76.024040,10.941265,-74.450699,33.408466,42.301914,-67.804375,31.556520,74.287079,-59.716709,112.369499,40.098129,-71.091553,116.317978,9.660867,-66.472069,92.757011,30.962187,-46.671753,112.064621,70.124725
171,1.425000,-0.000395,0.000433,0.000115,1.000000,-31.704844,28.846449,40.925392,-59.802116,30.205738,1.612213,-2.238575,28.211149,2.825555,-3.746202,27.488926,79.971291,-61.032478,29.479986,79.292610,-59.790295,30.197794,1.657823,-2.306011,28.221512,2.869182,-3.727063,27.483797,79.984245,-61.023815,29.484917,79.225906,-82.623482,34.629269,10.612861,-68.130585,55.370850,54.108410,-57.040768,72.776291,72.670273,-79.777534,76.018196,10.953827,-74.403885,33.383644,42.365433,-67.742554,31.539282,74.348930,-59.309811,112.273582,40.034290,-70.748711,116.252327,9.650174,-66.187469,92.689255,30.941236,-46.197159,111.936508,70.012848
172,1.433000,-0.000394,0.000443,0.000106,1.000000,-31.704876,28.844952,40.928082,-59.802933,30.204796,1.615480,-2.239400,28.209206,2.827638,-3.745461,27.486879,79.973396,-61.031712,29.478937,79.295906,-59.791100,30.196959,1.657505,-2.306905,28.219677,2.871032,-3.726304,27.481642,79.986504,-61.022766,29.484009,79.229591,-82.654427,34.595921,10.713332,-67.967888,55.368244,54.128998,-56.781609,72.723541,72.642441,-79.597305,76.003105,10.960620,-74.359131,33.370152,42.413086,-67.690941,31.526136,74.388718,-58.947067,112.204323,39.994003,-70.464043,116.208611,9.644260,-65.892830,92.632172,30.912539,-45.766731,111.834930,69.967636
173,1.441000,-0.000388,0.000429,0.000101,1.000000,-31.703821,28.845913,40.926315,-59.800755,30.206541,1.612940,-2.237278,28.210291,2.826697,-3.745520,27.487057,79.972412,-61.031734,29.479767,79.293320,-59.790825,30.198559,1.658260,-2.305571,28.220793,2.871411,-3.727574,27.482229,79.985832,-61.022598,29.484262,79.231056,-82.673019,34.558754,10.815796,-67.844513,55.355602,54.147732,-56.504356,72.648262,72.608482,-79.421356,75.978577,10.987501,-74.310623,33.364548,42.466087,-67.621506,31.519810,74.432144,-58.573818,112.141251,39.943851,-70.170967,116.170143,9.620078,-65.612823,92.567024,30.893711,-45.305408,111.729050,69.882065
174,1.449000,-0.000385,0.000439,0.000101,1.000000,-31.704786,28.845846,40.926605,-59.802498,30.206791,1.613793,-2.238995,28.210512,2.826399,-3.745723,27.486679,79.972137,-61.031948,29.479412,79.294189,-59.790932,30.198738,1.657432,-2.305913,28.221100,2.871319,-3.726872,27.481493,79.984024,-61.023533,29.484406,79.229568,-82.689651,34.531967,10.898097,-67.700142,55.327286,54.159634,-56.222488,72.594406,72.586578,-79.251862,75.962051,11.006077,-74.237976,33.373833,42.507439,-67.532448,31.538858,74.473991,-58.208454,112.059174,39.908905,-69.832436,116.135048,9.619466,-65.350891,92.529831,30.870745,-44.881104,111.640587,69.789680
175,1.458000,-0.000401,0.000426,0.000099,1.000000,-31.704622,28.847832,40.924923,-59.801327,30.207569,1.611352,-2.237871,28.211123,2.825481,-3.746545,27.489862,79.971207,-61.032749,29.482779,79.291748,-59.791298,30.199799,1.655403,-2.307027,28.221502,2.871298,-3.728548,27.485132,79.984398,-61.023552,29.487171,79.229858,-82.714264,34.525906,10.964862,-67.509636,55.305923,54.181004,-55.888409,72.539856,72.551735,-79.054901,75.974510,11.022768,-74.168709,33.378784,42.552971,-67.444801,31.509108,74.516586,-57.785397,111.979416,39.851013,-69.511421,116.083824,9.594489,-64.985512,92.475182,30.849318,-44.370720,111.513611,69.711792
176,1.466000,-0.000379,0.000423,0.000103,1.000000,-31.704765,28.846581,40.925156,-59.801220,30.207788,1.611456,-2.237755,28.211807,2.825883,-3.746939,27.487150,79.971565,-61.033154,29.479578,79.291809,-59.790695,30.200260,1.656348,-2.306138,28.221788,2.871070,-3.729105,27.482594,79.984314,-61.024307,29.483805,79.230377,-82.722664,34.543530,11.006503,-67.347824,55.298508,54.197395,-55.580944,72.477959,72.504951,-78.881584,75.972488,11.026899,-74.108269,33.390427,42.592873,-67.353729,31.519825,74.544327,-57.415546,111.901115,39.815140,-69.128922,116.061935,9.566577,-64.712326,92.424263,30.816761,-43.950027,111.421349,69.635857
177,1.475000,-0.000366,0.000447,0.000125,1.000000,-31.706425,28.845734,40.929005,-59.804840,30.206718,1.616696,-2.241218,28.213230,2.828300,-3.746655,27.486526,79.974030,-61.032997,29.476463,79.297089,-59.791748,30.200974,1.654187,-2.303473,28.221035,2.870203,-3.727123,27.482304,79.984039,-61.025650,29.480654,79.231026,-82.715889,34.590351,11.050478,-67.208549,55.280823,54.187374,-55.239956,72.397858,72.482513,-78.664444,75.969566,11.048017,-74.044342,33.404053,42.637978,-67.237129,31.534794,74.581123,-56.981499,111.846268,39.758675,-68.746674,116.034248,9.553100,-64.397003,92.382484,30.778330,-43.429123,111.311485,69.548103
178,1.483000,-0.000381,0.000441,0.000102,1.000000,-31.707932,28.845192,40.928658,-59.805836,30.206352,1.615998,-2.242330,28.210236,2.828297,-3.748661,27.485806,79.974037,-61.034893,29.478376,79.296402,-59.791798,30.200195,1.655177,-2.305137,28.218460,2.870197,-3.728730,27.481306,79.983734,-61.028004,29.482901,79.228836,-82.719185,34.639664,11.095222,-67.045715,55.268677,54.212044,-54.930508,72.371155,72.439980,-78.463326,75.985352,11.052467,-73.963097,33.437222,42.665272,-67.142563,31.535715,74.606293,-56.603855,111.785469,39.731125,-68.374641,116.024574,9.513906,-64.060799,92.349602,30.762115,-43.009159,111.217155,69.481018
179,1.491000,-0.000383,0.000445,0.000088,1.000000,-31.705585,28.845007,40.926300,-59.803761,30.206749,1.613849,-2.240297,28.209063,2.825716,-3.746047,27.485046,79.971466,-61.032234,29.479176,79.294266,-59.792160,30.200678,1.655098,-2.303571,28.217178,2.870232,-3.725807,27.480694,79.982048,-61.024387,29.483477,79.224876,-82.712074,34.683804,11.131631,-66.873833,55.258739,54.229633,-54.597282,72.297989,72.387543,-78.268181,76.011505,11.064044,-73.882385,33.472946,42.691227,-67.024490,31.547880,74.623177,-56.187733,111.739967,39.674458,-68.000458,115.998550,9.508320,-63.750912,92.330772,30.738884,-42.546124,111.113907,69.419083
180,1.500000,-0.000383,0.000367,0.000068,1.000000,-31.697336,28.845919,40.913002,-59.789253,30.208826,1.596129,-2.226067,28.208832,2.817070,-3.744012,27.484795,79.962578,-61.030006,29.481226,79.276337,-59.791988,30.201939,1.652956,-2.301302,28.218122,2.869749,-3.728529,27.481478,79.980316,-61.017246,29.483963,79.216751,-82.701736,34.735939,11.169176,-66.644249,55.264145,54.254387,-54.222427,72.251442,72.334602,-78.037849,76.053314,11.072835,-73.808655,33.505650,42.715858,-66.896812,31.552383,74.638779,-55.772694,111.667336,39.634369,-67.581703,115.999496,9.460234,-63.383717,92.294159,30.703163,-42.000286,111.022461,69.351570
181,1.508000,-0.000393,0.000463,0.000072,1.000000,-31.700722,28.845490,40.923317,-59.800236,30.207375,1.611829,-2.236795,28.207773,2.821708,-3.739861,27.485382,79.967537,-61.026001,29.481432,79.292297,-59.793427,30.199516,1.656448,-2.298672,28.217905,2.867687,-3.726807,27.479713,79.981438,-61.001049,29.488165,79.197159,-82.680908,34.795303,11.209405,-66.432228,55.288918,54.202415,-53.880096,72.197235,72.301079,-77.812782,76.101830,11.093873,-73.745033,33.537777,42.742043,-66.762970,31.571548,74.653473,-55.323792,111.651192,39.589310,-67.203453,116.005516,9.465090,-63.061188,92.276360,30.680891,-41.585918,110.911789,69.284988
182,1.516000,-0.000404,0.000346,0.000058,1.000000,-31.694666,28.845436,40.909248,-59.784954,30.207256,1.591173,-2.221861,28.206135,2.814540,-3.742963,27.485392,79.960022,-61.028885,29.482967,79.271355,-59.791363,30.197245,1.657426,-2.300538,28.218803,2.866830,-3.726095,27.480787,79.980995,-61.014492,29.487055,79.203453,-82.641121,34.868912,11.249657,-66.211525,55.296432,54.170902,-53.526531,72.129990,72.262833,-77.569717,76.153885,11.101122,-73.672447,33.574249,42.765759,-66.631577,31.588802,74.667557,-54.914070,111.594734,39.568703,-66.819397,115.985085,9.432593,-62.721466,92.279419,30.651661,-41.106613,110.852341,69.227776
183,1.524000,-0.000350,0.000437,0.000169,1.000000,-31.709934,28.842920,40.934570,-59.807671,30.202744,1.621744,-2.243909,28.214270,2.834439,-3.750831,27.484873,79.980118,-61.037327,29.469799,79.302086,-59.790730,30.199146,1.656271,-2.297599,28.218874,2.868789,-3.726167,27.482164,79.983025,-61.044086,29.473289,79.226189,-82.615570,34.933922,11.283134,-65.970497,55.296810,54.167809,-53.174465,72.080482,72.215065,-77.328476,76.202087,11.100228,-73.577721,33.618572,42.790852,-66.491089,31.624020,74.681770,-54.472275,111.553047,39.523300,-66.433510,115.991150,9.433697,-62.355160,92.234283,30.632029,-40.632839,110.757050,69.172134
184,1.533000,-0.000221,0.000394,0.000350,1.000000,-31.727997,28.834503,40.952122,-59.822838,30.194313,1.637229,-2.258468,28.226337,2.854368,-3.771764,27.476490,79.999718,-61.058914,29.440884,79.317268,-59.791817,30.199024,1.657589,-2.293277,28.221231,2.869700,-3.727659,27.481535,79.986809,-61.102997,29.435915,79.290810,-82.581566,34.996243,11.323045,-65.710197,55.272396,54.170811,-52.758999,72.030495,72.175247,-77.059464,76.245209,11.090109,-73.483315,33.658527,42.823750,-66.345261,31.645578,74.696587,-54.010521,111.495522,39.506809,-66.007187,115.995872,9.421227,-61.990219,92.213539,30.604410,-40.136776,110.647568,69.114723
185,1.541000,-0.000036,0.000253,0.000478,1.000000,-31.745485,28.818550,40.970619,-59.829617,30.185762,1.648328,-2.265087,28.232023,2.880937,-3.799891,27.453196,80.025581,-61.087345,29.403225,79.327736,-59.791153,30.197569,1.657742,-2.306569,28.209940,2.875200,-3.726801,27.480036,79.989433,-61.139519,29.390816,79.338394,-82.537941,35.050880,11.370000,-65.498474,55.272873,54.165413,-52.396603,71.960899,72.123917,-76.795250,76.270317,11.113950,-73.410324,33.682129,42.848988,-66.197754,31.661570,74.708992,-53.556347,111.455894,39.473114,-65.589325,116.007805,9.434242,-61.603294,92.200378,30.591791,-39.651840,110.577759,69.080376
186,1.550000,-0.000095,0.000402,0.000472,1.000000,-31.748882,28.811190,40.973305,-59.844677,30.174021,1.659194,-2.279800,28.219816,2.874938,-3.791705,27.450190,80.020126,-61.079346,29.400742,79.339066,-59.792442,30.196205,1.659113,-2.322731,28.196636,2.885591,-3.728353,27.477446,79.990593,-61.148815,29.376307,79.354790,-82.483826,35.128067,11.434843,-65.218567,55.297131,54.155945,-51.968296,71.894600,72.091797,-76.499290,76.315552,11.142613,-73.290070,33.750759,42.881260,-66.032494,31.672895,74.725388,-53.071129,111.403587,39.462635,-65.196739,116.022171,9.444834,-61.195351,92.186081,30.572315,-39.122295,110.463654,69.061874
187,1.558000,-0.000074,0.000334,0.000481,1.000000,-31.753567,28.809589,40.974842,-59.844048,30.173594,1.656973,-2.279299,28.220364,2.880451,-3.801668,27.447420,80.025406,-61.089252,29.396984,79.336639,-59.792507,30.195570,1.659345,-2.321281,28.196598,2.889720,-3.728432,27.480709,79.988602,-61.151398,29.374748,79.350647,-82.392281,35.214211,11.469506,-64.971474,55.278744,54.162270,-51.601200,71.842827,72.046082,-76.222519,76.351425,11.139247,-73.204033,33.792759,42.911232,-65.870049,31.687386,74.740868,-52.619179,111.357101,39.430283,-64.741119,116.041008,9.456212,-60.806847,92.154518,30.555899,-38.640404,110.394379,69.026138
188,1.566000,-0.000068,0.000273,0.000426,1.000000,-31.755829,28.810656,40.975548,-59.841393,30.178183,1.654288,-2.277017,28.218615,2.884725,-3.808820,27.444986,80.029472,-61.096096,29.400848,79.333794,-59.791218,30.197113,1.659810,-2.320662,28.195274,2.890289,-3.727751,27.481440,79.986153,-61.148842,29.383335,79.345947,-82.307014,35.294834,11.493248,-64.729851,55.247158,54.155724,-51.205742,71.755608,72.013382,-75.932350,76.390831,11.144455,-73.119156,33.829750,42.944878,-65.706436,31.711557,74.760048,-52.179359,111.323357,39.436497,-64.394005,116.033234,9.470743,-60.444599,92.133621,30.535254,-38.202641,110.290276,68.972710
189,1.575000,-0.000077,0.000280,0.000401,1.000000,-31.756443,28.809860,40.973751,-59.842468,30.178108,1.652852,-2.278179,28.215706,2.882543,-3.808969,27.443468,80.027321,-61.096157,29.402164,79.332375,-59.791367,30.197897,1.657935,-2.321445,28.192953,2.888908,-3.726489,27.480633,79.986259,-61.146873,29.384718,79.342857,-82.206635,35.382133,11.525458,-64.443382,55.228687,54.150265,-50.761490,71.703125,71.980751,-75.593346,76.430298,11.161890,-72.991768,33.886890,42.979687,-65.522392,31.736015,74.792961,-51.680244,111.280426,39.417355,-63.910728,116.064110,9.494713,-60.004623,92.112503,30.553183,-37.667309,110.205124,68.977242
190,1.583000,-0.000045,0.000257,0.000440,1.000000,-31.757051,28.810072,40.973358,-59.841419,30.178648,1.651290,-2.277026,28.220644,2.883431,-3.811225,27.443357,80.028099,-61.098541,29.397640,79.330719,-59.792053,30.196178,1.657964,-2.323991,28.196526,2.886161,-3.727881,27.479986,79.985550,-61.149723,29.381409,79.342308,-82.072899,35.490005,11.573161,-64.118576,55.240952,54.159874,-50.379097,71.633850,71.953377,-75.282608,76.451469,11.190120,-72.865303,33.938416,43.020069,-65.334267,31.750134,74.828079,-51.237019,111.228706,39.409660,-63.528461,116.066383,9.525736,-59.603756,92.086044,30.514374,-37.180061,110.097099,68.957626
191,1.591000,-0.000055,0.000306,0.000468,1.000000,-31.755219,28.811466,40.972378,-59.843456,30.177763,1.652989,-2.278838,28.222916,2.879617,-3.805548,27.447021,80.024460,-61.093033,29.398172,79.332558,-59.790241,30.196714,1.657485,-2.323441,28.201199,2.885251,-3.727620,27.479918,79.986038,-61.147469,29.380768,79.344818,-81.959145,35.572620,11.615547,-63.843842,55.240215,54.156155,-49.970848,71.564194,71.936279,-74.962601,76.491875,11.202877,-72.744133,33.991207,43.074402,-65.149178,31.749428,74.860649,-50.772190,111.202919,39.419197,-63.127369,116.075066,9.563748,-59.217369,92.061516,30.520748,-36.722301,110.017265,68.946007
192,1.600000,-0.000070,0.000305,0.000453,1.000000,-31.754086,28.812775,40.972237,-59.842266,30.178701,1.652795,-2.277705,28.222221,2.879506,-3.804472,27.448696,80.024361,-61.091900,29.401489,79.332382,-59.792870,30.196302,1.657806,-2.322140,28.199493,2.883849,-3.728299,27.479639,79.986435,-61.151905,29.383492,79.346619,-81.781975,35.654865,11.686722,-63.483448,55.250706,54.174950,-49.507149,71.504539,71.917252,-74.602058,76.543480,11.222752,-72.672256,34.010567,43.153320,-64.928879,31.771904,74.897163,-50.233154,111.168823,39.451210,-62.617336,116.110405,9.597525,-58.753735,92.041840,30.513079,-36.208229,109.926582,68.928299
193,1.608000,-0.000060,0.000289,0.000429,1.000000,-31.754700,28.810143,40.972816,-59.841492,30.178204,1.652452,-2.277061,28.218893,2.881071,-3.806469,27.443943,80.025856,-61.093784,29.399542,79.331985,-59.790890,30.196508,1.657961,-2.322355,28.195963,2.885339,-3.726507,27.478531,79.986488,-61.146580,29.382563,79.343712,-81.661430,35.717201,11.770838,-63.208313,55.198109,54.194023,-49.105282,71.441414,71.903679,-74.252266,76.565918,11.262251,-72.603676,34.022522,43.227009,-64.713211,31.811392,74.945358,-49.792999,111.121155,39.437302,-62.253265,116.091835,9.636133,-58.321579,92.020500,30.527380,-35.749828,109.851875,68.957649
194,1.616000,-0.000074,0.000292,0.000397,1.000000,-31.755486,28.810999,40.972935,-59.842430,30.179745,1.652712,-2.278128,28.216824,2.881020,-3.807095,27.444113,80.025841,-61.094284,29.403320,79.332268,-59.790588,30.198389,1.658220,-2.323705,28.194288,2.885516,-3.726290,27.479172,79.986801,-61.145477,29.386648,79.343231,-81.492592,35.793804,11.832088,-62.893150,55.187160,54.219864,-48.697975,71.389076,71.900978,-73.934158,76.581017,11.284435,-72.530060,34.043282,43.304188,-64.523354,31.813789,74.980858,-49.349178,111.072815,39.466839,-61.794025,116.118561,9.673990,-57.905651,91.984634,30.534533,-35.274403,109.794662,68.980690
195,1.625000,-0.000044,0.000247,0.000381,1.000000,-31.755220,28.811260,40.974392,-59.838600,30.183241,1.651716,-2.274460,28.218370,2.885073,-3.810376,27.441162,80.029732,-61.097450,29.402279,79.331139,-59.789841,30.199471,1.659871,-2.324393,28.194445,2.886255,-3.727613,27.477581,79.988274,-61.143597,29.387781,79.340439,-81.316505,35.869537,11.894345,-62.517502,55.184608,54.219662,-48.214420,71.315094,71.891495,-73.531548,76.604095,11.325875,-72.352562,34.122406,43.385872,-64.301018,31.833237,75.037521,-48.830940,111.035179,39.463360,-61.341900,116.124893,9.717092,-57.424671,91.962242,30.534014,-34.756210,109.688011,68.999687
196,1.633000,-0.000141,0.000293,0.000385,1.000000,-31.758400,28.810926,40.976212,-59.845387,30.175003,1.655856,-2.281120,28.210930,2.884331,-3.809983,27.448677,80.029251,-61.097122,29.409105,79.335510,-59.792404,30.197071,1.660549,-2.321358,28.190115,2.890838,-3.729992,27.487108,79.995193,-61.139500,29.392511,79.341782,-81.126152,35.946743,11.990609,-62.162853,55.186863,54.249237,-47.796001,71.250725,71.886650,-73.196426,76.623871,11.362348,-72.235352,34.149967,43.450417,-64.073029,31.852827,75.082329,-48.394127,110.981941,39.501541,-60.952198,116.115013,9.770999,-56.992561,91.922935,30.566677,-34.342289,109.625038,69.012840
197,1.641000,-0.000110,0.000294,0.000420,1.000000,-31.756813,28.812674,40.975151,-59.843987,30.177271,1.654944,-2.279580,28.217140,2.883157,-3.808197,27.449911,80.028030,-61.095490,29.406380,79.334564,-59.792473,30.198551,1.658536,-2.319007,28.196642,2.891551,-3.727057,27.486259,79.991234,-61.142696,29.389132,79.342422,-80.933067,36.013813,12.060091,-61.845852,55.170177,54.278076,-47.370277,71.193626,71.885338,-72.833626,76.630806,11.406704,-72.110405,34.174568,43.516178,-63.854958,31.861523,75.143929,-47.923172,110.942116,39.509563,-60.514839,116.135323,9.812921,-56.595715,91.878418,30.554148,-33.865662,109.552368,69.027130
198,1.649000,-0.000076,0.000293,0.000410,1.000000,-31.756931,28.813484,40.973473,-59.843994,30.181349,1.653302,-2.279636,28.219948,2.881506,-3.808430,27.447477,80.026321,-61.095673,29.405174,79.332863,-59.792953,30.201069,1.657675,-2.321156,28.198683,2.889085,-3.727010,27.482874,79.986412,-61.145855,29.388132,79.342705,-80.764359,36.068836,12.132640,-61.493103,55.132557,54.304092,-46.930347,71.117577,71.882889,-72.482193,76.652367,11.441169,-71.915573,34.213688,43.604591,-63.611908,31.894325,75.200768,-47.482578,110.910347,39.546074,-60.113209,116.120819,9.869244,-56.164265,91.843018,30.576506,-33.408463,109.465668,69.062119
199,1.658000,-0.000076,0.000320,0.000386,1.000000,-31.756704,28.812212,40.971382,-59.845829,30.181393,1.652724,-2.281496,28.217163,2.877817,-3.806159,27.444891,80.022720,-61.093342,29.405403,79.332352,-59.792984,30.199612,1.657802,-2.325531,28.196329,2.882759,-3.729717,27.477493,79.984337,-61.143410,29.389420,79.343590,-80.544144,36.132484,12.243164,-61.120529,55.096096,54.322475,-46.439041,71.049156,71.906319,-72.065620,76.666069,11.493520,-71.728775,34.239517,43.693390,-63.320530,31.906197,75.267883,-46.971466,110.853371,39.607201,-59.637737,116.116783,9.925467,-55.646984,91.808281,30.614332,-32.876343,109.410774,69.111565
200,1.666000,-0.000070,0.000289,0.000407,1.000000,-31.755880,28.814083,40.971260,-59.842636,30.182600,1.650891,-2.278295,28.220781,2.879503,-3.807685,27.447426,80.024307,-61.094902,29.405531,79.330429,-59.792583,30.198648,1.657722,-2.326609,28.197838,2.879576,-3.729785,27.479923,79.984787,-61.146961,29.390291,79.343269,-80.342278,36.182735,12.323011,-60.736362,55.080616,54.367119,-46.014969,70.974487,71.910942,-71.718689,76.669510,11.530108,-71.564095,34.249722,43.766068,-63.042332,31.935362,75.324409,-46.525566,110.817848,39.629005,-59.199245,116.119675,9.973445,-55.250084,91.766853,30.614838,-32.419704,109.314178,69.148979
201,1.675000,-0.000055,0.000263,0.000411,1.000000,-31.755579,28.814503,40.970448,-59.840332,30.183950,1.648682,-2.276045,28.222570,2.880183,-3.809369,27.446922,80.024887,-61.096573,29.404577,79.328140,-59.792648,30.199337,1.655926,-2.324272,28.199751,2.881103,-3.728575,27.480433,79.984215,-61.145039,29.390320,79.338989,-80.136040,36.231068,12.419840,-60.331135,55.057167,54.402542,-45.507057,70.894005,71.925026,-71.282372,76.673386,11.593616,-71.304741,34.292908,43.873749,-62.718384,31.929420,75.402664,-46.049255,110.778297,39.687866,-58.745743,116.096184,10.044832,-54.765015,91.706871,30.660366,-31.915569,109.238602,69.195763
202,1.683000,-0.000058,0.000235,0.000394,1.000000,-31.757414,28.814169,40.971840,-59.839874,30.184334,1.648465,-2.275720,28.220993,2.883267,-3.813487,27.445873,80.027878,-61.100578,29.405483,79.327843,-59.792072,30.200199,1.657021,-2.324148,28.197399,2.885772,-3.729532,27.482462,79.982246,-61.146820,29.391272,79.337265,-79.940880,36.284039,12.529882,-59.956795,55.004860,54.439754,-45.060623,70.845764,71.938065,-70.889648,76.664444,11.647308,-71.124023,34.309555,43.951546,-62.463196,31.887403,75.453712,-45.594963,110.745895,39.714165,-58.324127,116.083717,10.093828,-54.300236,91.703072,30.695942,-31.501270,109.205994,69.211021
203,1.691000,-0.000093,0.000279,0.000371,1.000000,-31.759199,28.812859,40.971764,-59.845055,30.181599,1.650763,-2.280882,28.215700,2.880639,-3.811896,27.445978,80.025436,-61.098969,29.408165,79.330307,-59.792339,30.200943,1.657269,-2.322475,28.195684,2.888795,-3.728246,27.482027,79.982651,-61.143692,29.393118,79.337395,-79.734093,36.326557,12.622579,-59.567047,54.982746,54.473465,-44.612633,70.784187,71.953827,-70.520317,76.665237,11.698851,-70.899094,34.325264,44.051506,-62.167603,31.910622,75.508125,-45.154747,110.700821,39.773335,-57.888008,116.055038,10.154634,-53.882442,91.642387,30.726519,-31.052458,109.103928,69.261429
204,1.700000,-0.000112,0.000273,0.000368,1.000000,-31.760323,28.811232,40.972702,-59.845703,30.178577,1.651311,-2.281553,28.212456,2.881953,-3.813496,27.445734,80.026764,-61.100544,29.408165,79.330872,-59.792881,30.198189,1.657964,-2.322764,28.192503,2.890612,-3.727602,27.482260,79.983543,-61.145828,29.392994,79.337601,-79.492157,36.361584,12.752474,-59.116249,54.968445,54.512978,-44.106735,70.707596,71.988007,-70.086090,76.643181,11.764770,-70.635101,34.338703,44.162842,-61.813457,31.858454,75.576553,-44.689072,110.656822,39.853905,-57.419216,116.032852,10.229967,-53.405422,91.588020,30.762604,-30.540701,109.043869,69.335548
205,1.708000,-0.000086,0.000255,0.000374,1.000000,-31.759390,28.810057,40.972538,-59.843399,30.179113,1.650229,-2.279270,28.213596,2.882802,-3.813928,27.442860,80.027519,-61.100971,29.404663,79.329704,-59.792633,30.198421,1.659021,-2.322056,28.191275,2.888199,-3.728795,27.481249,79.985390,-61.147667,29.388750,79.336685,-79.312859,36.372551,12.871329,-58.712704,54.912186,54.560154,-43.656837,70.658897,72.029602,-69.696709,76.641312,11.817324,-70.379868,34.356869,44.257889,-61.474144,31.845903,75.642082,-44.229637,110.617134,39.887402,-56.995399,116.013214,10.290391,-52.943947,91.556656,30.809509,-30.085321,109.008049,69.380760
206,1.716000,-0.000085,0.000248,0.000399,1.000000,-31.760138,28.813072,40.972488,-59.843678,30.180874,1.649797,-2.279469,28.218170,2.883148,-3.815132,27.447124,80.027840,-61.102272,29.406128,79.329262,-59.794373,30.198690,1.659402,-2.322592,28.196245,2.887474,-3.729888,27.483315,79.985893,-61.150242,29.390985,79.336334,-79.101013,36.378460,13.004059,-58.319305,54.866634,54.614594,-43.194191,70.574036,72.063522,-69.296310,76.619797,11.882927,-70.114090,34.356674,44.364132,-61.131645,31.819841,75.707436,-43.798386,110.565018,39.948921,-56.595085,115.994667,10.356388,-52.515625,91.497353,30.872860,-29.628044,108.922745,69.436478
207,1.725000,-0.000206,0.000367,0.000327,1.000000,-31.751007,28.822290,40.973267,-59.843689,30.184559,1.656917,-2.279472,28.213963,2.877069,-3.796923,27.461832,80.022316,-61.083950,29.428816,79.336861,-59.791870,30.198669,1.658597,-2.322985,28.197676,2.887715,-3.727381,27.480831,79.987114,-61.164345,29.411802,79.355988,-78.862389,36.402706,13.147449,-57.855927,54.822697,54.678135,-42.679794,70.501831,72.098755,-68.848709,76.583282,11.969049,-69.812813,34.339359,44.473507,-60.704849,31.799486,75.789627,-43.316132,110.505363,40.039974,-56.115768,115.951324,10.461877,-52.055771,91.459694,30.918032,-29.129454,108.843994,69.516617
208,1.733000,-0.000331,0.000437,0.000189,1.000000,-31.737116,28.831518,40.960632,-59.834885,30.191666,1.647842,-2.271044,28.205467,2.860492,-3.777981,27.473152,80.006142,-61.064552,29.455795,79.328148,-59.792854,30.199137,1.659793,-2.325789,28.195789,2.886793,-3.729871,27.481419,79.985275,-61.116241,29.446978,79.312401,-78.657761,36.405647,13.275645,-57.423679,54.787594,54.739773,-42.242069,70.426155,72.151199,-68.457649,76.547089,12.023513,-69.523254,34.343399,44.576992,-60.222931,31.812876,75.887672,-42.869404,110.471764,40.082096,-55.683250,115.938782,10.550538,-51.604801,91.408485,30.986727,-28.756411,108.789703,69.583717
209,1.741000,-0.000509,0.000435,-0.000034,1.000000,-31.722784,28.843540,40.940136,-59.819801,30.202276,1.626760,-2.256861,28.190781,2.840334,-3.764403,27.486551,79.986229,-61.050076,29.494560,79.307320,-59.792923,30.198341,1.657793,-2.326839,28.196985,2.881882,-3.729151,27.482927,79.984375,-61.080444,29.502508,79.196411,-78.462013,36.397507,13.388391,-57.038029,54.714142,54.796265,-41.782829,70.354652,72.204933,-68.047356,76.495453,12.106079,-69.219963,34.313087,44.689140,-59.833591,31.727509,75.976807,-42.430515,110.404526,40.154236,-55.279701,115.893211,10.619560,-51.168602,91.338959,31.055645,-28.306046,108.727058,69.617249
210,1.750000,-0.000568,0.000438,-0.000147,1.000000,-31.719574,28.849775,40.930130,-59.816544,30.210224,1.616776,-2.254051,28.185860,2.830213,-3.761241,27.491076,79.976204,-61.046471,29.511950,79.297432,-59.795208,30.201855,1.654627,-2.329565,28.199240,2.876198,-3.726537,27.483093,79.981483,-61.070930,29.532463,79.116722,-78.207573,36.397354,13.557683,-56.573307,54.655094,54.869610,-41.271294,70.296051,72.268402,-67.573235,76.457230,12.187394,-68.882736,34.297909,44.796196,-59.274246,31.765995,76.121613,-41.955082,110.327698,40.245747,-54.828232,115.851799,10.721152,-50.681774,91.309311,31.130760,-27.811749,108.651260,69.695694
211,1.758000,-0.000547,0.000433,-0.000110,1.000000,-31.721407,28.849571,40.927963,-59.818031,30.209532,1.614338,-2.255395,28.189442,2.828351,-3.763419,27.491362,79.974297,-61.048794,29.507961,79.294952,-59.795292,30.202272,1.653400,-2.330952,28.200991,2.873164,-3.725735,27.484386,79.978760,-61.088764,29.528135,79.093567,-77.989426,36.386559,13.683741,-56.137390,54.612667,54.955322,-40.809032,70.206421,72.322021,-67.160072,76.406761,12.264880,-68.530571,34.280628,44.921921,-58.878792,31.676167,76.189651,-41.534107,110.281013,40.321846,-54.449612,115.798424,10.820062,-50.255669,91.236763,31.200218,-27.386379,108.601357,69.800255
212,1.766000,-0.000438,0.000417,-0.000037,1.000000,-31.721392,28.846382,40.925835,-59.816956,30.210861,1.611614,-2.254066,28.198826,2.827022,-3.764453,27.483690,79.972771,-61.050095,29.492161,79.292038,-59.801746,30.209715,1.641145,-2.331217,28.201490,2.874454,-3.726248,27.481985,79.980492,-61.096146,29.496675,79.079826,-77.752258,36.350277,13.828300,-55.721889,54.537983,55.024178,-40.359318,70.147720,72.378532,-66.751518,76.335526,12.341237,-68.198891,34.251476,45.028816,-58.415138,31.616064,76.276573,-41.076324,110.220276,40.369659,-54.044216,115.778755,10.922971,-49.850407,91.165771,31.260002,-26.970217,108.506714,69.890915
213,1.774000,-0.000303,0.000373,0.000045,1.000000,-31.723419,28.842779,40.920261,-59.815811,30.213240,1.603985,-2.252701,28.210339,2.823827,-3.769630,27.474155,79.969238,-61.055542,29.473391,79.284096,-59.804970,30.220270,1.628738,-2.329364,28.197760,2.873915,-3.728114,27.480597,79.981445,-61.095192,29.449648,79.061859,-77.543442,36.320251,13.971252,-55.292351,54.475670,55.085690,-39.903362,70.084091,72.435181,-66.324348,76.286057,12.418164,-67.853668,34.199379,45.139416,-58.011253,31.546761,76.374123,-40.648556,110.146675,40.449661,-53.660603,115.725967,10.998646,-49.417641,91.115051,31.341902,-26.512878,108.462753,69.948967
214,1.783000,-0.000082,0.000355,0.000220,1.000000,-31.720987,28.837378,40.914631,-59.812401,30.215397,1.597917,-2.248633,28.232149,2.819008,-3.768164,27.461260,79.964043,-61.054756,29.440706,79.277657,-59.804420,30.231493,1.620808,-2.329523,28.202427,2.872875,-3.729373,27.478209,79.982414,-61.057640,29.396557,79.088715,-77.269623,36.272614,14.147430,-54.801643,54.428856,55.170101,-39.377182,69.988579,72.502449,-65.853348,76.217880,12.508737,-67.442062,34.161339,45.268398,-57.508842,31.482437,76.441711,-40.165173,110.110367,40.546017,-53.218479,115.679726,11.104082,-48.900402,91.060654,31.434887,-26.030302,108.428596,70.038452
215,1.791000,-0.000407,0.000384,-0.000188,1.000000,-31.719021,28.853479,40.919498,-59.811604,30.228878,1.603526,-2.249396,28.199444,2.822572,-3.765049,27.479925,79.968170,-61.050045,29.505676,79.283821,-59.798759,30.229872,1.624088,-2.333955,28.198668,2.875124,-3.729271,27.480352,79.979950,-61.068214,29.503408,79.118019,-77.020317,36.232136,14.280004,-54.374409,54.343651,55.250336,-38.916641,69.940132,72.568787,-65.456352,76.152328,12.581844,-67.077621,34.108025,45.383476,-57.052349,31.458754,76.524826,-39.745846,110.067261,40.584538,-52.856880,115.622284,11.200522,-48.485737,90.998093,31.505650,-25.656143,108.359398,70.127693
216,1.800000,-0.000460,0.000371,-0.000262,1.000000,-31.717201,28.856674,40.922894,-59.808601,30.232025,1.606071,-2.246728,28.194172,2.826768,-3.764403,27.483160,79.972412,-61.049080,29.517349,79.286423,-59.795235,30.230516,1.628497,-2.328722,28.198273,2.877281,-3.729431,27.480999,79.982559,-61.073025,29.522335,79.113335,-76.710670,36.209141,14.454020,-53.881317,54.280304,55.361515,-38.387959,69.857513,72.625877,-64.974068,76.096985,12.676462,-66.664955,34.068905,45.495552,-56.580208,31.326038,76.604164,-39.277748,109.973991,40.671669,-52.418633,115.588127,11.322945,-48.042030,90.939919,31.573544,-25.237104,108.290115,70.209038
217,1.808000,-0.000506,0.000386,-0.000252,1.000000,-31.715458,28.857920,40.924282,-59.807991,30.229134,1.608136,-2.246052,28.192562,2.827388,-3.761533,27.488514,79.973137,-61.046261,29.521475,79.288574,-59.793640,30.227116,1.632204,-2.327494,28.197544,2.877445,-3.727652,27.485943,79.981903,-61.070972,29.527966,79.113197,-76.433685,36.156292,14.591165,-53.448139,54.230869,55.419331,-37.925213,69.788620,72.688133,-64.554314,76.026611,12.760995,-66.284218,34.015469,45.612614,-56.120090,31.263876,76.667274,-38.886822,109.932983,40.757832,-52.031612,115.534660,11.401876,-47.619312,90.865242,31.653696,-24.840239,108.254257,70.302475
218,1.816000,-0.000498,0.000402,-0.000249,1.000000,-31.713697,28.856558,40.925083,-59.807556,30.228254,1.609901,-2.245566,28.192001,2.827188,-3.758454,27.486673,79.972969,-61.043213,29.519308,79.290367,-59.792252,30.225647,1.634376,-2.330092,28.198248,2.878856,-3.724611,27.483562,79.981308,-61.067764,29.527443,79.115112,-76.150803,36.122032,14.713301,-53.015572,54.150887,55.470364,-37.480999,69.722427,72.735855,-64.138367,75.968102,12.834043,-65.883385,33.963375,45.698746,-55.674355,31.233147,76.740334,-38.496365,109.888290,40.845894,-51.651436,115.511497,11.493176,-47.189278,90.821136,31.716791,-24.430576,108.218811,70.398697
219,1.825000,-0.000488,0.000390,-0.000263,1.000000,-31.713781,28.856108,40.924610,-59.806610,30.229324,1.608744,-2.244702,28.191408,2.827451,-3.759563,27.484713,79.973183,-61.044250,29.518991,79.289169,-59.790634,30.226198,1.634079,-2.329424,28.198544,2.879437,-3.727141,27.481205,79.981110,-61.063911,29.528063,79.117889,-75.806221,36.066334,14.861629,-52.502831,54.101543,55.563057,-36.947647,69.626137,72.786957,-63.676609,75.897011,12.918573,-65.451004,33.910759,45.782902,-55.153419,31.137478,76.774178,-38.020794,109.817352,40.921753,-51.269295,115.437279,11.602754,-46.716866,90.765602,31.804049,-23.966280,108.147141,70.485359
220,1.833000,-0.000485,0.000397,-0.000283,1.000000,-31.713114,28.854641,40.925396,-59.806419,30.229225,1.609921,-2.244577,28.189060,2.827832,-3.758419,27.481884,79.973579,-61.043041,29.518402,79.290352,-59.791000,30.225962,1.634631,-2.328562,28.196552,2.878592,-3.725918,27.478182,79.982208,-61.063004,29.528135,79.117683,-75.509689,36.027634,14.968197,-52.058376,54.034050,55.626858,-36.494030,69.553307,72.853859,-63.263351,75.822578,12.991330,-65.022446,33.865402,45.872295,-54.725601,31.043318,76.828674,-37.654667,109.782005,40.991470,-50.902016,115.403091,11.709805,-46.322506,90.694298,31.867678,-23.552313,108.093765,70.551613
221,1.841000,-0.000489,0.000385,-0.000276,1.000000,-31.714640,28.856215,40.925182,-59.807049,30.230076,1.609039,-2.245212,28.190666,2.828312,-3.760833,27.484179,79.974030,-61.045467,29.519945,79.289452,-59.791309,30.227697,1.634886,-2.327460,28.196177,2.878929,-3.728722,27.481417,79.981949,-61.064564,29.526829,79.118279,-75.185463,35.983932,15.070419,-51.659775,53.938450,55.671680,-36.031517,69.482971,72.908302,-62.847145,75.761917,13.055393,-64.619728,33.795536,45.945179,-54.288387,30.943007,76.880241,-37.289330,109.727386,41.085922,-50.545895,115.343185,11.787252,-45.919693,90.635323,31.914143,-23.195677,108.041512,70.634377
222,1.850000,-0.000490,0.000380,-0.000280,1.000000,-31.713963,28.856628,40.924995,-59.806000,30.230680,1.608592,-2.244189,28.190826,2.828395,-3.760529,27.484406,79.974098,-61.045135,29.520613,79.288994,-59.790749,30.228409,1.633121,-2.328180,28.196320,2.881282,-3.727460,27.481672,79.981789,-61.066673,29.527458,79.117577,-74.815437,35.927876,15.187323,-51.159363,53.877430,55.734531,-35.508957,69.394943,72.939476,-62.403809,75.691071,13.122927,-64.217514,33.703556,46.012924,-53.883617,30.841164,76.926491,-36.875591,109.700813,41.187435,-50.141644,115.308800,11.887674,-45.469425,90.567276,31.990191,-22.838655,107.987961,70.745781
223,1.858000,-0.000487,0.000336,-0.000275,1.000000,-31.717369,28.855116,40.917831,-59.805931,30.229107,1.598939,-2.244195,28.189838,2.823842,-3.767389,27.482950,79.969421,-61.051964,29.518574,79.279236,-59.794651,30.226835,1.616896,-2.330750,28.195911,2.881624,-3.728118,27.479532,79.982323,-61.067272,29.525549,79.117195,-74.466110,35.867752,15.251067,-50.699722,53.783394,55.769287,-35.058647,69.320869,72.979698,-62.006233,75.634468,13.195016,-63.756252,33.649532,46.071404,-53.427242,30.704456,76.915291,-36.505585,109.621201,41.242496,-49.803059,115.237892,11.965782,-45.059666,90.504822,32.050724,-22.463476,107.950737,70.831787
224,1.866000,-0.000467,0.000372,-0.000284,1.000000,-31.714170,28.855949,40.923767,-59.805550,30.232004,1.606956,-2.243760,28.191650,2.827623,-3.761396,27.481735,79.973282,-61.045982,29.518417,79.287315,-59.790100,30.228865,1.631351,-2.328005,28.198906,2.878955,-3.727496,27.478092,79.981804,-61.069191,29.527906,79.115585,-74.107574,35.812843,15.314250,-50.278652,53.714649,55.807037,-34.608017,69.245361,73.007645,-61.619003,75.561127,13.251119,-63.325554,33.574131,46.119411,-53.006470,30.621281,76.949890,-36.169476,109.563889,41.295082,-49.443108,115.200554,12.053737,-44.672703,90.456215,32.090683,-22.084681,107.888245,70.893990
225,1.875000,-0.000483,0.000382,-0.000283,1.000000,-31.714880,28.856205,40.923901,-59.807049,30.230930,1.607618,-2.245247,28.190731,2.827188,-3.761315,27.483311,79.972885,-61.045914,29.519859,79.288017,-59.790813,30.228605,1.634201,-2.328008,28.196058,2.879871,-3.728336,27.480619,79.979515,-61.068123,29.526577,79.116508,-73.699577,35.739891,15.360483,-49.771622,53.627251,55.835907,-34.117542,69.156464,73.024033,-61.195171,75.492844,13.309069,-62.864250,33.494820,46.155159,-52.533604,30.465683,77.007011,-35.778763,109.534882,41.379173,-49.076904,115.137886,12.124655,-44.241806,90.374428,32.153580,-21.663172,107.844780,70.959648
226,1.883000,-0.000483,0.000386,-0.000258,1.000000,-31.713968,28.856939,40.923573,-59.806488,30.230284,1.607490,-2.244574,28.192940,2.826646,-3.760055,27.485418,79.972351,-61.044758,29.519119,79.287895,-59.790009,30.227905,1.633940,-2.329058,28.198433,2.880428,-3.727159,27.482689,79.978981,-61.066074,29.525911,79.116783,-73.321358,35.658897,15.424593,-49.325077,53.556015,55.872036,-33.670227,69.076630,73.025558,-60.803204,75.438652,13.369465,-62.444122,33.401241,46.224602,-52.099876,30.354298,77.064468,-35.452950,109.477142,41.452690,-48.747681,115.090012,12.182062,-43.850380,90.321396,32.209839,-21.360504,107.819237,71.000633
227,1.891000,-0.000492,0.000399,-0.000247,1.000000,-31.713718,28.856218,40.924625,-59.807293,30.228251,1.609248,-2.245304,28.192219,2.826935,-3.758755,27.486002,79.972702,-61.043518,29.518408,79.289696,-59.790646,30.225346,1.635295,-2.329453,28.198793,2.876876,-3.726006,27.482733,79.980759,-61.065529,29.526833,79.118217,-72.915474,35.571636,15.496811,-48.891491,53.487736,55.915745,-33.234238,69.002747,73.065376,-60.419041,75.362457,13.415085,-61.990963,33.335300,46.243771,-51.621593,30.298849,77.045753,-35.136406,109.428635,41.511379,-48.385464,115.034126,12.246768,-43.492500,90.269691,32.245693,-21.018778,107.779648,71.096100
228,1.899000,-0.000481,0.000408,-0.000252,1.000000,-31.713310,28.855318,40.925453,-59.807610,30.228476,1.610634,-2.245614,28.191889,2.827203,-3.757632,27.483984,79.972984,-61.042393,29.516930,79.291092,-59.790428,30.225780,1.636947,-2.330168,28.198025,2.874801,-3.724992,27.480942,79.981895,-61.064701,29.524731,79.118744,-72.525375,35.475685,15.548973,-48.460720,53.394157,55.929363,-32.798119,68.956268,73.107117,-60.053051,75.300156,13.449181,-61.554073,33.262897,46.269123,-51.135914,30.239805,77.066788,-34.785511,109.389076,41.549763,-48.065250,114.985931,12.294245,-43.124275,90.221298,32.280720,-20.670681,107.734787,71.152496
229,1.908000,-0.000484,0.000398,-0.000254,1.000000,-31.714191,28.856426,40.926311,-59.807693,30.229462,1.610914,-2.245727,28.192654,2.828660,-3.759307,27.485212,79.974403,-61.044044,29.518383,79.291359,-59.791229,30.226660,1.636622,-2.329792,28.199062,2.877085,-3.726986,27.482037,79.983353,-61.064575,29.526535,79.119331,-72.030083,35.372704,15.597280,-47.980247,53.319561,55.968082,-32.295357,68.887718,73.122917,-59.626915,75.218399,13.499167,-61.072826,33.160427,46.317158,-50.567257,30.184841,77.071548,-34.409172,109.374725,41.614784,-47.687393,114.925453,12.329550,-42.710915,90.170547,32.324196,-20.342163,107.689049,71.201035
230,1.916000,-0.000480,0.000391,-0.000264,1.000000,-31.713209,28.857544,40.926060,-59.806133,30.231508,1.610288,-2.244234,28.193443,2.828810,-3.758893,27.485407,79.974533,-61.043579,29.519823,79.290703,-59.790176,30.229279,1.634548,-2.329548,28.198919,2.876994,-3.726031,27.482716,79.984276,-61.065365,29.526543,79.119431,-71.604248,35.262947,15.625575,-47.535084,53.242420,55.981880,-31.877264,68.835953,73.125282,-59.259766,75.168793,13.527463,-60.626228,33.096306,46.325165,-50.133270,30.055641,77.071167,-34.102993,109.334854,41.669621,-47.312935,114.878464,12.352454,-42.344521,90.119019,32.361416,-19.997581,107.693031,71.250092
231,1.925000,-0.000473,0.000397,-0.000246,1.000000,-31.713629,28.857306,40.925797,-59.807076,30.230764,1.610363,-2.245069,28.194845,2.828184,-3.758797,27.485672,79.973923,-61.043583,29.517948,79.290794,-59.790916,30.228380,1.635267,-2.330227,28.200563,2.877497,-3.726045,27.482861,79.982986,-61.065071,29.525057,79.118660,-71.086151,35.169060,15.639192,-47.040646,53.169025,55.977207,-31.393724,68.778442,73.128716,-58.813702,75.110092,13.566070,-60.133560,33.005249,46.327747,-49.610161,29.981316,77.118164,-33.769043,109.311829,41.726685,-46.927132,114.825951,12.389421,-41.938580,90.099098,32.390148,-19.636150,107.680977,71.302780
232,1.933000,-0.000485,0.000385,-0.000239,1.000000,-31.714716,28.855938,40.924568,-59.807224,30.228058,1.608425,-2.245218,28.192919,2.827695,-3.760821,27.485636,79.973412,-61.045612,29.517147,79.288841,-59.789951,30.225405,1.635232,-2.331048,28.198942,2.878442,-3.728687,27.482689,79.981544,-61.064476,29.524511,79.117149,-70.620255,35.100891,15.654906,-46.580170,53.135902,55.984962,-30.960327,68.749695,73.130508,-58.434093,75.059090,13.592081,-59.692192,32.942123,46.366577,-49.162056,29.903439,77.108109,-33.416008,109.280571,41.754211,-46.561626,114.778282,12.405540,-41.574413,90.067291,32.429691,-19.358982,107.698502,71.342621
233,1.941000,-0.000478,0.000385,-0.000270,1.000000,-31.714735,28.854206,40.925163,-59.807182,30.228571,1.609063,-2.245313,28.189909,2.828261,-3.760895,27.481672,79.973961,-61.045551,29.516682,79.289459,-59.790848,30.225567,1.635447,-2.329112,28.196632,2.880418,-3.728278,27.478329,79.981239,-61.066246,29.525301,79.117439,-70.144630,35.029255,15.638378,-46.116264,53.068268,55.979721,-30.539408,68.736992,73.132797,-58.046295,75.007904,13.611910,-59.224976,32.861401,46.353985,-48.712582,29.848629,77.100723,-33.096588,109.268692,41.782604,-46.195698,114.727768,12.414887,-41.211914,90.037109,32.461170,-19.047897,107.694122,71.425339
234,1.950000,-0.000466,0.000384,-0.000271,1.000000,-31.714207,28.854555,40.924309,-59.806599,30.229919,1.608199,-2.244729,28.191126,2.827430,-3.760421,27.481026,79.973129,-61.045086,29.516155,79.288582,-59.789680,30.226692,1.635485,-2.327635,28.198124,2.877712,-3.727877,27.477503,79.980537,-61.066311,29.525286,79.116455,-69.561401,34.965000,15.630935,-45.622463,53.027702,55.968082,-30.079794,68.719757,73.141647,-57.620216,74.954643,13.640041,-58.642723,32.843174,46.336086,-48.229042,29.752546,77.136192,-32.743191,109.277786,41.842888,-45.759933,114.692734,12.424779,-40.797623,90.001526,32.490524,-18.762466,107.713699,71.474030
235,1.958000,-0.000487,0.000391,-0.000282,1.000000,-31.714626,28.855679,40.923515,-59.807514,30.230083,1.607737,-2.245686,28.189983,2.826267,-3.760350,27.483099,79.972008,-61.044968,29.519552,79.288155,-59.790222,30.227201,1.635073,-2.328841,28.196287,2.876852,-3.727581,27.479923,79.978996,-61.067177,29.527599,79.118607,-69.062935,34.895817,15.610729,-45.139580,52.967430,55.949520,-29.667616,68.713463,73.159775,-57.238232,74.909073,13.655657,-58.199383,32.727234,46.370846,-47.664524,29.750187,77.119705,-32.426716,109.264137,41.863190,-45.393734,114.648735,12.411874,-40.450035,90.009293,32.514404,-18.434689,107.745766,71.516983
236,1.966000,-0.000481,0.000385,-0.000250,1.000000,-31.714571,28.855423,40.923252,-59.807098,30.228472,1.607159,-2.245137,28.192127,2.826333,-3.760651,27.484194,79.972054,-61.045395,29.516903,79.287567,-59.790337,30.225559,1.633571,-2.328836,28.198645,2.875597,-3.728490,27.480953,79.980339,-61.065250,29.525179,79.116669,-68.576241,34.813877,15.596154,-44.651619,52.951515,55.964024,-29.271088,68.703468,73.213562,-56.838669,74.868423,13.681379,-57.699631,32.660927,46.369518,-47.220318,29.719967,77.131691,-32.107098,109.269623,41.872421,-45.007748,114.603127,12.405005,-40.079395,89.987198,32.554211,-18.118244,107.793472,71.569771
237,1.975000,-0.000486,0.000395,-0.000254,1.000000,-31.714233,28.855711,40.924187,-59.807533,30.228626,1.608640,-2.245575,28.191784,2.826688,-3.759548,27.484617,79.972435,-61.044281,29.517824,79.289070,-59.789829,30.225286,1.636147,-2.329865,28.199015,2.874829,-3.727098,27.481005,79.980835,-61.065601,29.527231,79.115913,-67.997414,34.736832,15.604030,-44.131409,52.914589,55.960094,-28.833603,68.743530,73.273262,-56.404316,74.824562,13.706600,-57.155846,32.595501,46.374298,-46.665394,29.688293,77.109535,-31.744656,109.288918,41.917732,-44.544781,114.573845,12.380076,-39.639248,89.997528,32.567833,-17.807888,107.833954,71.605827
238,1.983000,-0.000502,0.000391,-0.000245,1.000000,-31.714905,28.857140,40.923153,-59.807884,30.228256,1.607326,-2.245909,28.192451,2.825931,-3.760531,27.487829,79.971680,-61.045296,29.520025,79.287766,-59.789974,30.226368,1.635661,-2.329394,28.196774,2.874591,-3.728379,27.485668,79.979652,-61.064816,29.525101,79.116280,-67.463875,34.664299,15.622852,-43.642776,52.887970,55.950409,-28.440308,68.768417,73.315552,-55.990475,74.806702,13.725698,-56.662338,32.544975,46.407478,-46.145966,29.664993,77.151291,-31.414497,109.282394,41.971275,-44.158894,114.543594,12.353708,-39.277065,89.985672,32.597862,-17.516615,107.916412,71.665230
239,1.991000,-0.000489,0.000396,-0.000266,1.000000,-31.713713,28.855293,40.924702,-59.807049,30.228609,1.609203,-2.245137,28.190439,2.827153,-3.758988,27.483801,79.972908,-61.043678,29.518333,79.289642,-59.790657,30.225887,1.635103,-2.328496,28.196665,2.876163,-3.726239,27.480692,79.981323,-61.065834,29.526339,79.117493,-66.932747,34.615295,15.619048,-43.149204,52.891212,55.967648,-28.057299,68.824608,73.363312,-55.585640,74.784309,13.760871,-56.170315,32.509361,46.414227,-45.623165,29.661942,77.201569,-31.060198,109.317245,41.974033,-43.702503,114.520088,12.339659,-38.891567,89.986786,32.628052,-17.282204,107.982376,71.713661
240,2.000000,-0.000485,0.000392,-0.000258,1.000000,-31.713083,28.855982,40.925095,-59.806107,30.229139,1.609370,-2.244174,28.191853,2.827793,-3.758672,27.484646,79.973526,-61.043381,29.518297,79.289795,-59.788895,30.226725,1.636628,-2.328538,28.197332,2.878433,-3.725957,27.481916,79.981110,-61.064880,29.525137,79.116592,-66.294083,34.556953,15.587399,-42.617718,52.854103,55.976982,-27.612751,68.877197,73.411690,-55.123795,74.745995,13.784727,-55.623825,32.438915,46.408245,-45.042503,29.656702,77.160088,-30.696503,109.353653,42.004082,-43.233128,114.500679,12.297545,-38.472809,89.999283,32.650368,-16.948805,108.061005,71.793228
241,2.008000,-0.000497,0.000385,-0.000260,1.000000,-31.714287,28.856764,40.924065,-59.806778,30.229055,1.607925,-2.244869,28.191593,2.827179,-3.760406,27.486286,79.972908,-61.045105,29.520124,79.288353,-59.789055,30.226553,1.636903,-2.329420,28.197071,2.880810,-3.727716,27.483543,79.979156,-61.064751,29.526815,79.116112,-65.712967,34.520954,15.595465,-42.145817,52.853607,55.984982,-27.235863,68.936882,73.448669,-54.693867,74.727196,13.804468,-55.024593,32.456432,46.393520,-44.566299,29.648846,77.194511,-30.365849,109.377602,42.054314,-42.821701,114.468239,12.273220,-38.060802,89.999794,32.678890,-16.722870,108.124687,71.836266
242,2.016000,-0.000489,0.000381,-0.000258,1.000000,-31.714493,28.855478,40.924026,-59.806644,30.228376,1.607665,-2.244738,28.191048,2.827385,-3.760952,27.484402,79.973099,-61.045647,29.518097,79.288063,-59.789402,30.225349,1.636683,-2.326405,28.197399,2.879388,-3.728324,27.481142,79.979279,-61.066132,29.526308,79.116264,-65.142387,34.475864,15.599607,-41.637211,52.871632,56.004215,-26.840630,68.971733,73.487511,-54.261147,74.703339,13.834715,-54.501842,32.414825,46.426289,-44.062206,29.604849,77.243187,-30.008179,109.436707,42.043159,-42.382408,114.456955,12.236756,-37.664558,90.015968,32.698380,-16.436577,108.209106,71.921173
243,2.024000,-0.000478,0.000389,-0.000269,1.000000,-31.714239,28.855112,40.923191,-59.806980,30.229458,1.607299,-2.245095,28.190895,2.826074,-3.760114,27.482595,79.971786,-61.044777,29.517508,79.287697,-59.789402,30.225855,1.635556,-2.327201,28.198410,2.875663,-3.727421,27.478758,79.978798,-61.066891,29.527458,79.116882,-64.570724,34.444763,15.595029,-41.133820,52.863617,56.011856,-26.454893,69.044342,73.536392,-53.851814,74.688484,13.844760,-53.958595,32.382069,46.433804,-43.431446,29.662851,77.247780,-29.678568,109.486679,42.077251,-41.938221,114.440521,12.217081,-37.273598,90.033272,32.718273,-16.199602,108.295998,71.974274
244,2.033000,-0.000468,0.000392,-0.000266,1.000000,-31.714825,28.856024,40.923412,-59.807812,30.230961,1.607710,-2.245906,28.192688,2.826092,-3.760445,27.482922,79.971817,-61.045135,29.517534,79.288124,-59.790199,30.227638,1.635619,-2.329673,28.199799,2.876250,-3.727922,27.479353,79.979179,-61.066143,29.526726,79.116608,-63.905083,34.397610,15.595622,-40.589920,52.878071,56.008900,-26.014236,69.120476,73.593552,-53.323090,74.647591,13.858293,-53.350430,32.364952,46.423111,-42.802418,29.704035,77.269653,-29.322010,109.509804,42.113407,-41.484684,114.424515,12.177297,-36.809780,90.063927,32.755024,-15.894933,108.408943,72.028610
245,2.041000,-0.000499,0.000388,-0.000263,1.000000,-31.714710,28.856329,40.923618,-59.807373,30.228693,1.607603,-2.245471,28.190792,2.826598,-3.760657,27.485779,79.972336,-61.045341,29.520056,79.288033,-59.789742,30.226088,1.635557,-2.329277,28.196537,2.876192,-3.728360,27.482903,79.980080,-61.065369,29.527214,79.116127,-63.313217,34.355034,15.609947,-40.086800,52.922523,56.014645,-25.634518,69.186424,73.638313,-52.861942,74.623894,13.873856,-52.755123,32.364864,46.424015,-42.275410,29.678202,77.241028,-28.949305,109.571228,42.110264,-41.033070,114.392380,12.145712,-36.386822,90.085838,32.773766,-15.641196,108.530495,72.077950
246,2.049000,-0.000505,0.000386,-0.000257,1.000000,-31.713915,28.855350,40.924858,-59.806465,30.226889,1.608741,-2.244553,28.189713,2.827933,-3.759962,27.485624,79.973679,-61.044670,29.519186,79.289177,-59.789825,30.223745,1.635616,-2.327928,28.196627,2.878994,-3.727437,27.482164,79.981102,-61.065460,29.528124,79.117012,-62.734646,34.295628,15.604570,-39.617634,52.940796,56.043316,-25.262972,69.272804,73.692009,-52.416431,74.589203,13.879310,-52.194935,32.310959,46.438862,-41.742050,29.646189,77.260742,-28.610130,109.625801,42.148136,-40.609940,114.396729,12.108807,-35.980034,90.106934,32.793503,-15.408808,108.661163,72.159409
247,2.058000,-0.000493,0.000392,-0.000264,1.000000,-31.712812,28.854248,40.925800,-59.805809,30.227161,1.610047,-2.243909,28.189177,2.828515,-3.758421,27.483156,79.974258,-61.043106,29.517508,79.290482,-59.789131,30.224091,1.636803,-2.327334,28.195980,2.878175,-3.725780,27.479748,79.982292,-61.064720,29.526398,79.116371,-62.071602,34.252209,15.600048,-39.072166,52.931221,56.077385,-24.825087,69.352654,73.747841,-51.899719,74.566154,13.887276,-51.563690,32.261631,46.438576,-41.149998,29.606565,77.307091,-28.227329,109.671173,42.172817,-40.101814,114.395844,12.093480,-35.493191,90.147522,32.830055,-15.167048,108.770370,72.234985
248,2.066000,-0.000480,0.000388,-0.000266,1.000000,-31.713699,28.855238,40.924690,-59.806358,30.229231,1.608741,-2.244478,28.191027,2.827638,-3.759640,27.483070,79.973351,-61.044319,29.517628,79.289139,-59.789993,30.226597,1.635306,-2.327547,28.196976,2.878251,-3.727190,27.480087,79.981079,-61.064857,29.525200,79.116371,-61.485355,34.227016,15.597404,-38.614872,52.962315,56.105602,-24.447323,69.457390,73.806755,-51.438786,74.536598,13.905721,-50.957024,32.235565,46.450851,-40.546886,29.616367,77.287590,-27.884888,109.710648,42.177891,-39.677589,114.377701,12.067136,-35.111134,90.163872,32.851990,-14.920921,108.883926,72.303139
249,2.075000,-0.000491,0.000390,-0.000274,1.000000,-31.713587,28.855450,40.924858,-59.806419,30.229107,1.609010,-2.244559,28.189924,2.827677,-3.759363,27.483616,79.973412,-61.044006,29.519159,79.289436,-59.787994,30.225864,1.637266,-2.328820,28.196838,2.874691,-3.726802,27.480141,79.981895,-61.066021,29.528141,79.116280,-60.824646,34.181984,15.615299,-38.068256,53.015781,56.139313,-24.048203,69.564713,73.872833,-50.917889,74.516800,13.909655,-50.291233,32.241135,46.408966,-39.830444,29.639297,77.320290,-27.513132,109.785904,42.209679,-39.218960,114.368073,12.037886,-34.676178,90.178619,32.885075,-14.663005,109.025620,72.373962
250,2.083000,-0.000502,0.000391,-0.000242,1.000000,-31.712851,28.855667,40.926517,-59.805847,30.226645,1.610690,-2.243853,28.191200,2.829292,-3.758466,27.486498,79.975044,-61.043240,29.518333,79.291130,-59.788929,30.223948,1.637590,-2.327656,28.197277,2.879131,-3.725560,27.483454,79.982918,-61.065899,29.526161,79.116814,-60.223175,34.162399,15.627612,-37.577442,53.053223,56.167591,-23.675274,69.642708,73.928307,-50.450825,74.503014,13.920728,-49.699783,32.195656,46.429531,-39.223843,29.638746,77.261230,-27.199989,109.847466,42.248310,-38.777977,114.367294,12.003199,-34.229240,90.221909,32.902557,-14.451067,109.181122,72.467339
251,2.091000,-0.000494,0.000372,-0.000239,1.000000,-31.712219,28.854422,40.927242,-59.803761,30.225819,1.610380,-2.241790,28.190712,2.831101,-3.759277,27.484835,79.976799,-61.044048,29.516325,79.290787,-59.787220,30.222427,1.637474,-2.324947,28.198078,2.882754,-3.726629,27.481136,79.983963,-61.065144,29.526005,79.117348,-59.639053,34.138672,15.620626,-37.087925,53.081268,56.191833,-23.312086,69.744072,73.991287,-49.973625,74.478096,13.932383,-49.039955,32.219650,46.409359,-38.607590,29.634581,77.231888,-26.835520,109.890976,42.239998,-38.347595,114.360703,11.981243,-33.826443,90.229050,32.920475,-14.270051,109.287918,72.542152
252,2.100000,-0.000487,0.000375,-0.000265,1.000000,-31.712908,28.854095,40.928684,-59.804546,30.227493,1.611975,-2.242687,28.189356,2.832410,-3.759870,27.482519,79.978096,-61.044525,29.517021,79.292358,-59.789173,30.224150,1.637782,-2.325123,28.196812,2.884653,-3.727143,27.478775,79.985542,-61.065430,29.526937,79.117744,-58.990459,34.123413,15.608905,-36.596004,53.117847,56.217617,-22.915115,69.870537,74.074722,-49.440174,74.465057,13.931055,-48.414032,32.150570,46.401031,-37.982685,29.589909,77.229179,-26.446957,109.937134,42.280041,-37.843666,114.378067,11.967610,-33.345589,90.274323,32.932251,-14.016432,109.430603,72.629868
253,2.108000,-0.000494,0.000374,-0.000266,1.000000,-31.711981,28.854408,40.927887,-59.803570,30.227365,1.611131,-2.241719,28.189150,2.831656,-3.758994,27.483273,79.977348,-61.043644,29.517857,79.291519,-59.788174,30.224461,1.636031,-2.326342,28.195942,2.884741,-3.725952,27.479923,79.985130,-61.064964,29.526606,79.117416,-58.423943,34.094658,15.593240,-36.129440,53.175438,56.263573,-22.566669,69.955269,74.130157,-48.960590,74.453880,13.934382,-47.760372,32.136372,46.371803,-37.279682,29.639153,77.184685,-26.131355,110.004807,42.303123,-37.403728,114.392593,11.956226,-32.951187,90.295784,32.962067,-13.840583,109.570358,72.689423
254,2.116000,-0.000504,0.000385,-0.000259,1.000000,-31.712952,28.855413,40.927078,-59.805386,30.227110,1.610875,-2.243474,28.189772,2.830240,-3.759125,27.485529,79.975983,-61.043823,29.519251,79.291306,-59.789639,30.223978,1.636999,-2.326104,28.196774,2.882022,-3.726395,27.482016,79.983429,-61.065006,29.528460,79.117241,-57.861847,34.058918,15.579737,-35.653641,53.221237,56.299473,-22.226093,70.055084,74.192390,-48.470173,74.436035,13.936079,-47.107063,32.167210,46.338882,-36.675831,29.586414,77.195984,-25.763067,110.086868,42.312710,-37.007607,114.374779,11.924845,-32.519894,90.337074,32.970634,-13.648788,109.711693,72.795036
255,2.125000,-0.000501,0.000376,-0.000263,1.000000,-31.713469,28.855658,40.925564,-59.805214,30.227888,1.608884,-2.243343,28.189997,2.829227,-3.760323,27.485243,79.974937,-61.044991,29.519510,79.289291,-59.789093,30.224857,1.634679,-2.327437,28.196875,2.880820,-3.727748,27.481838,79.982689,-61.065567,29.528322,79.117241,-57.225098,34.033279,15.546082,-35.127338,53.265285,56.337784,-21.849657,70.179924,74.272385,-47.940514,74.434731,13.932618,-46.481747,32.119587,46.320583,-35.908192,29.604059,77.143059,-25.392458,110.149292,42.350327,-36.541267,114.390526,11.908666,-32.086979,90.360489,32.999523,-13.492365,109.840370,72.877159
256,2.133000,-0.000491,0.000383,-0.000299,1.000000,-31.712585,28.855616,40.925491,-59.804787,30.230635,1.609239,-2.243039,28.188654,2.828732,-3.758994,27.482426,79.974449,-61.043526,29.520754,79.289650,-59.789902,30.228945,1.633326,-2.327471,28.193020,2.882858,-3.725351,27.480230,79.982018,-61.066360,29.526028,79.116592,-56.656952,34.015221,15.534000,-34.676235,53.303009,56.338299,-21.523388,70.285378,74.341675,-47.457333,74.419739,13.934757,-45.811539,32.110462,46.273880,-35.338928,29.544371,77.151627,-25.065289,110.205986,42.372215,-36.134182,114.396652,11.879740,-31.642973,90.384331,33.033882,-13.295431,109.979057,72.955269
257,2.141000,-0.000486,0.000376,-0.000297,1.000000,-31.713263,28.854544,40.924271,-59.804947,30.229858,1.607656,-2.243212,28.188097,2.827895,-3.760183,27.481062,79.973587,-61.044716,29.519161,79.288040,-59.789310,30.227390,1.632872,-2.328314,28.193947,2.883274,-3.726937,27.478170,79.980270,-61.066456,29.526461,79.115974,-56.082218,33.963108,15.536414,-34.238400,53.354687,56.372177,-21.192112,70.371521,74.416664,-46.982990,74.407272,13.938146,-45.155739,32.084076,46.224869,-34.683170,29.536205,77.109512,-24.720192,110.273705,42.387676,-35.687302,114.420128,11.866915,-31.240337,90.421631,33.028248,-13.122318,110.136269,73.038696
258,2.149000,-0.000492,0.000389,-0.000290,1.000000,-31.712919,28.853336,40.926449,-59.805573,30.227720,1.610503,-2.243781,28.186802,2.829367,-3.758869,27.480778,79.975098,-61.043453,29.518049,79.290924,-59.790779,30.224812,1.634718,-2.327865,28.193674,2.882754,-3.725288,27.477360,79.982964,-61.066292,29.527050,79.116333,-55.515438,33.908123,15.522512,-33.788586,53.401711,56.421097,-20.878235,70.478615,74.475853,-46.504395,74.393013,13.925169,-44.547665,32.038593,46.209095,-34.002872,29.529217,77.040451,-24.407238,110.343338,42.406616,-35.296089,114.412483,11.825814,-30.850025,90.438850,33.047321,-12.996204,110.246185,73.111534
259,2.158000,-0.000488,0.000383,-0.000284,1.000000,-31.712822,28.854445,40.926369,-59.805065,30.228809,1.610124,-2.243259,28.188568,2.829599,-3.759184,27.481907,79.975311,-61.043774,29.518499,79.290535,-59.789242,30.225927,1.634602,-2.328955,28.195381,2.880512,-3.726061,27.478569,79.984055,-61.065899,29.527191,79.117790,-54.871178,33.866199,15.496257,-33.297668,53.442902,56.449562,-20.513023,70.580200,74.563049,-45.957645,74.379967,13.900349,-43.794163,32.043571,46.153526,-33.322525,29.460939,77.013092,-24.056374,110.412445,42.459309,-34.805389,114.432022,11.810430,-30.361280,90.492111,33.057774,-12.791366,110.376106,73.222923
260,2.166000,-0.000488,0.000381,-0.000296,1.000000,-31.712671,28.853977,40.926739,-59.804695,30.229061,1.610363,-2.242947,28.187397,2.830115,-3.759253,27.480721,79.975822,-61.043800,29.518732,79.290764,-59.788322,30.225737,1.635470,-2.328158,28.195032,2.877635,-3.726516,27.476973,79.985550,-61.065788,29.528713,79.116882,-54.299927,33.839340,15.474007,-32.874954,53.464340,56.463127,-20.193420,70.683525,74.636063,-45.459045,74.368660,13.893397,-43.133438,32.059711,46.080406,-32.653080,29.453793,76.940933,-23.734083,110.472046,42.451435,-34.418163,114.459419,11.782930,-29.956617,90.539726,33.078865,-12.643316,110.510048,73.293983
261,2.174000,-0.000486,0.000376,-0.000280,1.000000,-31.713301,28.854153,40.926178,-59.805031,30.228508,1.609564,-2.243224,28.188679,2.829805,-3.760174,27.481628,79.975494,-61.044777,29.517805,79.289948,-59.788174,30.225294,1.635707,-2.327494,28.195858,2.877734,-3.727828,27.478069,79.984451,-61.065685,29.527088,79.117577,-53.720177,33.812843,15.447722,-32.437477,53.509933,56.504047,-19.870155,70.758789,74.682686,-44.969635,74.367828,13.861322,-42.563591,32.018585,46.050392,-31.983185,29.464785,76.850662,-23.398031,110.527908,42.492931,-33.982273,114.483154,11.771310,-29.552147,90.556984,33.083847,-12.515059,110.625671,73.378754
262,2.183000,-0.000477,0.000382,-0.000292,1.000000,-31.712870,28.854471,40.926392,-59.805000,30.230232,1.610115,-2.243230,28.188980,2.829680,-3.759348,27.480545,79.975365,-61.043907,29.518133,79.290497,-59.788555,30.227140,1.635650,-2.327684,28.196039,2.877250,-3.726973,27.477064,79.984840,-61.064701,29.527262,79.117111,-53.074932,33.787556,15.410118,-31.955814,53.557068,56.512009,-19.525410,70.856041,74.768028,-44.401619,74.371033,13.831255,-41.803566,32.045071,45.981243,-31.230947,29.428343,76.755630,-23.088701,110.598824,42.524509,-33.511345,114.495171,11.745878,-29.128143,90.599983,33.107807,-12.344577,110.758614,73.479271
263,2.191000,-0.000491,0.000378,-0.000283,1.000000,-31.714035,28.855207,40.925930,-59.805893,30.229351,1.609409,-2.244106,28.189192,2.829450,-3.760770,27.482891,79.975151,-61.045361,29.519403,79.289803,-59.789936,30.227016,1.634551,-2.328146,28.194744,2.878019,-3.728614,27.480146,79.984436,-61.064804,29.526260,79.117447,-52.502136,33.769833,15.354959,-31.536755,53.611916,56.528229,-19.242321,70.946228,74.818130,-43.903362,74.375427,13.811906,-41.168312,32.033657,45.896057,-30.604204,29.404350,76.698502,-22.744249,110.676277,42.547874,-33.120502,114.531754,11.718952,-28.739977,90.629662,33.127903,-12.232551,110.870445,73.557022
264,2.200000,-0.000493,0.000380,-0.000296,1.000000,-31.712490,28.852785,40.926826,-59.804462,30.227440,1.610401,-2.242720,28.185802,2.830240,-3.759113,27.479956,79.975952,-61.043655,29.517946,79.290810,-59.787476,30.224571,1.635640,-2.330012,28.192564,2.877887,-3.726236,27.476681,79.985863,-61.066036,29.526489,79.116501,-51.838749,33.723148,15.287916,-31.045702,53.643536,56.541283,-18.898750,71.017578,74.877914,-43.346489,74.369720,13.761642,-40.489960,32.000423,45.823925,-29.825657,29.419025,76.594704,-22.425394,110.763977,42.556126,-32.671780,114.575005,11.717465,-28.278824,90.690681,33.121189,-12.085325,111.010551,73.650017
265,2.208000,-0.000479,0.000385,-0.000273,1.000000,-31.713066,28.854359,40.926846,-59.805470,30.228886,1.610723,-2.243614,28.189838,2.829966,-3.759271,27.481661,79.975662,-61.043907,29.517057,79.291115,-59.789497,30.225988,1.635472,-2.327905,28.196598,2.877122,-3.726296,27.478304,79.985497,-61.066765,29.525858,79.117531,-51.276970,33.725182,15.222259,-30.632311,53.681599,56.516338,-18.618288,71.109573,74.907219,-42.839996,74.383751,13.719570,-39.891106,32.009048,45.732334,-29.174646,29.418600,76.490471,-22.106310,110.827995,42.603230,-32.291862,114.612770,11.689572,-27.896610,90.742081,33.133621,-11.951683,111.119865,73.738556
266,2.216000,-0.000466,0.000383,-0.000269,1.000000,-31.713148,28.854422,40.926044,-59.805447,30.229753,1.609865,-2.243569,28.191120,2.829245,-3.759459,27.480925,79.974922,-61.044128,29.515892,79.290245,-59.789829,30.226618,1.634319,-2.326679,28.198349,2.876354,-3.726492,27.477312,79.984612,-61.067043,29.525444,79.118294,-50.697021,33.703728,15.115592,-30.205853,53.729237,56.503712,-18.343754,71.191071,74.932327,-42.342850,74.391060,13.670053,-39.274925,31.998167,45.631985,-28.542063,29.408073,76.372948,-21.845249,110.892616,42.625015,-31.853924,114.683685,11.677891,-27.507195,90.786453,33.122810,-11.859689,111.206123,73.809921
267,2.225000,-0.000489,0.000389,-0.000296,1.000000,-31.714231,28.855492,40.925007,-59.806908,30.230528,1.609093,-2.245143,28.188852,2.827886,-3.760159,27.482286,79.973625,-61.044716,29.520306,79.289520,-59.790062,30.227501,1.635078,-2.329577,28.195688,2.876745,-3.727536,27.478901,79.982117,-61.066566,29.529072,79.118370,-50.049400,33.710411,15.014844,-29.744944,53.792294,56.479145,-18.047535,71.273300,74.987038,-41.795261,74.419098,13.593118,-38.559654,32.011028,45.512775,-27.888506,29.394127,76.256393,-21.505196,110.980370,42.675220,-31.443888,114.727989,11.648591,-27.085484,90.847984,33.136532,-11.715501,111.326477,73.917023
268,2.233000,-0.000490,0.000394,-0.000286,1.000000,-31.713596,28.854523,40.924610,-59.806736,30.228849,1.609007,-2.244908,28.188341,2.827173,-3.759071,27.482021,79.972931,-61.043674,29.518885,79.289436,-59.790154,30.226194,1.634931,-2.329100,28.194437,2.876746,-3.726264,27.478991,79.981209,-61.065929,29.526632,79.117241,-49.429939,33.741207,14.906791,-29.338078,53.800983,56.433044,-17.783772,71.354462,75.019928,-41.301846,74.452957,13.544867,-37.959290,32.059319,45.377983,-27.335716,29.356483,76.182449,-21.257057,111.056389,42.693058,-31.028673,114.775345,11.639974,-26.688055,90.919724,33.118423,-11.599843,111.442032,74.000183
269,2.241000,-0.000505,0.000393,-0.000299,1.000000,-31.713474,28.854815,40.924465,-59.806454,30.228683,1.608726,-2.244681,28.186766,2.827141,-3.759110,27.482765,79.972908,-61.043655,29.521048,79.289185,-59.789627,30.226284,1.633783,-2.331054,28.192526,2.875702,-3.726124,27.479956,79.982132,-61.066448,29.528131,79.118004,-48.857983,33.735207,14.770291,-28.923965,53.838169,56.387936,-17.512846,71.409904,75.028130,-40.804611,74.482361,13.468115,-37.361561,32.069618,45.246799,-26.732361,29.360113,76.052094,-20.988279,111.138069,42.751431,-30.664003,114.834000,11.610600,-26.330448,90.968544,33.133907,-11.518229,111.516022,74.060875
270,2.250000,-0.000496,0.000392,-0.000289,1.000000,-31.713572,28.855064,40.924500,-59.806526,30.229170,1.608753,-2.244720,28.188303,2.827197,-3.759226,27.482784,79.972946,-61.043816,29.520008,79.289200,-59.790112,30.226299,1.633817,-2.329912,28.194988,2.876137,-3.726301,27.479496,79.981926,-61.066349,29.528532,79.117607,-48.216553,33.769432,14.639515,-28.498274,53.853119,56.338192,-17.240246,71.494431,75.042496,-40.220089,74.525543,13.385862,-36.727470,32.075207,45.147152,-26.056553,29.401047,75.865067,-20.740908,111.247162,42.805691,-30.182093,114.938629,11.609105,-25.891811,91.065598,33.116657,-11.377950,111.611710,74.152962
271,2.258000,-0.000486,0.000397,-0.000287,1.000000,-31.713284,28.856981,40.924152,-59.806633,30.231730,1.608709,-2.244800,28.191122,2.826554,-3.758550,27.484062,79.972305,-61.043156,29.521019,79.289154,-59.790482,30.229324,1.633534,-2.329412,28.196875,2.875287,-3.725439,27.481211,79.981331,-61.066353,29.528254,79.117569,-47.644905,33.778915,14.477727,-28.084385,53.925812,56.285702,-17.004152,71.560646,75.054306,-39.715309,74.570877,13.288919,-36.193172,32.091721,44.985657,-25.452057,29.426054,75.728836,-20.431400,111.334160,42.829670,-29.838585,114.993195,11.581941,-25.518995,91.139740,33.130692,-11.258867,111.700760,74.213951
272,2.266000,-0.000478,0.000405,-0.000278,1.000000,-31.712654,28.856909,40.924591,-59.806667,30.231771,1.609629,-2.244782,28.192127,2.826497,-3.757259,27.483881,79.972267,-61.041916,29.519867,79.290070,-59.790741,30.229282,1.634277,-2.328923,28.198069,2.873376,-3.724200,27.480925,79.982216,-61.065083,29.527479,79.116562,-47.064152,33.797405,14.342623,-27.686533,53.953766,56.196762,-16.779579,71.630203,75.075737,-39.188984,74.619118,13.210128,-35.602962,32.141956,44.855656,-24.924587,29.429262,75.599136,-20.186834,111.429810,42.837597,-29.414782,115.088585,11.575783,-25.140497,91.220650,33.093357,-11.167028,111.807503,74.288368
273,2.274000,-0.000481,0.000398,-0.000281,1.000000,-31.713203,28.855722,40.925278,-59.806656,30.230490,1.609910,-2.244797,28.190577,2.827609,-3.758365,27.482786,79.973351,-61.042999,29.519045,79.290344,-59.790005,30.227678,1.634850,-2.330536,28.197205,2.873112,-3.725755,27.479548,79.983971,-61.064941,29.527477,79.117020,-46.500690,33.808788,14.163006,-27.261698,54.006187,56.119251,-16.554636,71.698135,75.093193,-38.701122,74.674866,13.110924,-35.066158,32.138908,44.693005,-24.406879,29.457787,75.443207,-19.921572,111.503792,42.884109,-29.050180,115.171455,11.540004,-24.808134,91.267647,33.087379,-11.102141,111.872971,74.353203
274,2.283000,-0.000536,0.000536,-0.000229,1.000000,-31.701866,28.860384,40.917500,-59.806324,30.227926,1.609737,-2.243912,28.194052,2.811760,-3.736100,27.494631,79.958008,-61.021130,29.524937,79.290596,-59.790291,30.226780,1.634433,-2.330809,28.197216,2.875955,-3.696738,27.492874,79.959961,-61.065941,29.529234,79.118027,-45.823116,33.866940,13.982205,-26.816835,54.059250,56.041653,-16.277205,71.753090,75.100647,-38.132584,74.724136,13.010383,-34.417637,32.199581,44.504650,-23.831573,29.438900,75.314827,-19.668470,111.595428,42.912853,-28.609865,115.272232,11.543536,-24.383821,91.380402,33.063881,-10.964160,111.957535,74.437035
275,2.291000,-0.000601,0.000824,-0.000152,0.999999,-31.677475,28.867382,40.903900,-59.804768,30.225473,1.612157,-2.241373,28.200626,2.781296,-3.689027,27.511019,79.928467,-60.974735,29.532412,79.293777,-59.790237,30.227207,1.634425,-2.332233,28.196985,2.873218,-3.639175,27.511818,79.920418,-61.063309,29.528915,79.118660,-45.220764,33.910851,13.783440,-26.398695,54.108040,55.956089,-16.079500,71.814026,75.105225,-37.634209,74.783897,12.897070,-33.892452,32.215649,44.356163,-23.374187,29.429123,75.171608,-19.423367,111.671555,42.955826,-28.248171,115.364815,11.502374,-24.057226,91.448219,33.057602,-10.857378,112.026726,74.483269
276,2.299000,-0.000580,0.000867,-0.000150,1.000000,-31.674730,28.865290,40.901691,-59.805428,30.224922,1.612428,-2.241919,28.200310,2.776506,-3.682899,27.507397,79.923790,-60.968678,29.528534,79.294136,-59.790047,30.225805,1.634636,-2.333297,28.198730,2.867171,-3.632822,27.507362,79.915375,-61.058189,29.527912,79.123795,-44.631256,33.959915,13.615883,-26.000551,54.142387,55.875183,-15.890100,71.871094,75.109360,-37.116951,74.847893,12.799947,-33.347862,32.256172,44.193260,-22.833677,29.484812,75.007561,-19.198502,111.753098,42.983444,-27.856361,115.460899,11.506227,-23.713852,91.514366,33.043747,-10.753619,112.113831,74.524773
277,2.308000,-0.000559,0.000831,-0.000173,1.000000,-31.679455,28.862619,40.903473,-59.807266,30.225220,1.612249,-2.243936,28.197844,2.780384,-3.690496,27.501778,79.927528,-60.976135,29.525644,79.293839,-59.790600,30.225220,1.636346,-2.335658,28.198322,2.868682,-3.642354,27.500975,79.918991,-61.056526,29.527527,79.124710,-43.969952,33.986198,13.381054,-25.549620,54.204636,55.775249,-15.669786,71.939911,75.097527,-36.536823,74.911705,12.678120,-32.765186,32.277111,44.019222,-22.331533,29.487982,74.865768,-18.974838,111.844208,43.001411,-27.464993,115.562668,11.472212,-23.296339,91.605682,33.029083,-10.657317,112.202248,74.590202
278,2.316000,-0.000541,0.000780,-0.000207,1.000000,-31.683449,28.860542,40.903214,-59.807087,30.226431,1.609123,-2.244025,28.195160,2.783149,-3.698626,27.496433,79.930115,-60.984051,29.524153,79.290565,-59.789604,30.226093,1.634303,-2.335229,28.196362,2.869275,-3.651719,27.495373,79.921509,-61.059040,29.526823,79.124161,-43.334763,34.052155,13.217175,-25.142578,54.254978,55.709534,-15.470974,72.008224,75.080788,-36.027985,74.973373,12.588999,-32.274506,32.251186,43.909653,-21.876020,29.504511,74.761650,-18.735443,111.934616,43.054317,-27.089478,115.659836,11.486561,-22.981028,91.684891,33.020275,-10.539952,112.289177,74.689667
279,2.325000,-0.000490,0.000730,-0.000262,1.000000,-31.684443,28.859755,40.900745,-59.803993,30.232767,1.603973,-2.241266,28.194958,2.783564,-3.703690,27.488565,79.930321,-60.988831,29.522738,79.285225,-59.786613,30.232155,1.628822,-2.333518,28.196823,2.869882,-3.657260,27.487240,79.922279,-61.061062,29.526190,79.119125,-42.651367,34.098862,12.997995,-24.686390,54.302704,55.599888,-15.251308,72.088966,75.083199,-35.454636,75.034515,12.466612,-31.679804,32.317158,43.737827,-21.360456,29.543123,74.609024,-18.511652,112.059677,43.101330,-26.711357,115.768959,11.457108,-22.554152,91.802803,33.005665,-10.455837,112.370300,74.771759
280,2.333000,-0.000461,0.000654,-0.000303,1.000000,-31.683292,28.862104,40.897594,-59.796749,30.239700,1.596633,-2.234378,28.197197,2.784860,-3.708586,27.486355,79.931343,-60.993462,29.525169,79.277657,-59.778744,30.239197,1.619349,-2.331620,28.198952,2.871156,-3.662316,27.485128,79.924736,-61.063339,29.528145,79.119293,-42.040787,34.142132,12.836596,-24.279583,54.350807,55.516933,-15.046620,72.144394,75.091621,-34.923923,75.088326,12.377445,-31.137688,32.340763,43.592228,-20.911324,29.560116,74.501259,-18.282978,112.153770,43.152500,-26.334221,115.875008,11.471316,-22.257666,91.880760,32.997883,-10.436077,112.417015,74.813232
281,2.341000,-0.000450,0.000621,-0.000310,1.000000,-31.683552,28.861063,40.896358,-59.794418,30.239899,1.593566,-2.232134,28.196508,2.785531,-3.711420,27.484083,79.931923,-60.996246,29.523771,79.274521,-59.776466,30.239063,1.615307,-2.331508,28.199152,2.871907,-3.665421,27.482515,79.926262,-61.063992,29.527691,79.118134,-41.390392,34.176235,12.666618,-23.873499,54.422806,55.435341,-14.858317,72.210907,75.102905,-34.393650,75.148949,12.273407,-30.590736,32.418507,43.431705,-20.526737,29.572180,74.412483,-18.090597,112.243317,43.188725,-26.018847,115.962410,11.451435,-21.862940,91.996536,32.988937,-10.379892,112.505196,74.888008
282,2.350000,-0.000483,0.000608,-0.000271,1.000000,-31.682747,28.859394,40.897171,-59.792744,30.233461,1.593596,-2.230337,28.194597,2.787113,-3.711474,27.487156,79.933510,-60.996437,29.522371,79.274559,-59.774094,30.232256,1.615436,-2.331475,28.198143,2.871372,-3.665540,27.485243,79.928734,-61.064400,29.527325,79.117462,-40.683998,34.225445,12.491085,-23.386154,54.472454,55.367607,-14.662051,72.296776,75.122826,-33.805405,75.196335,12.176853,-29.995329,32.433708,43.290325,-19.982702,29.648081,74.315834,-17.909353,112.327454,43.221344,-25.618967,116.076897,11.466710,-21.538481,92.060356,32.994919,-10.304507,112.589821,74.989143
283,2.358000,-0.000494,0.000544,-0.000288,1.000000,-31.676319,28.861078,40.887337,-59.781231,30.235260,1.580131,-2.219042,28.194523,2.781075,-3.710103,27.488724,79.927292,-60.994904,29.525816,79.260948,-59.763573,30.234879,1.595185,-2.331588,28.196589,2.873269,-3.660015,27.487362,79.925323,-61.063923,29.528534,79.118736,-40.026646,34.267212,12.335821,-23.057793,54.480137,55.300922,-14.482133,72.362953,75.143906,-33.279427,75.270454,12.073723,-29.504648,32.472916,43.196163,-19.599556,29.703596,74.213120,-17.695738,112.415001,43.280949,-25.305439,116.165138,11.450890,-21.149815,92.174110,32.994831,-10.233543,112.676262,75.071159
284,2.366000,-0.000458,0.000620,-0.000331,1.000000,-31.683422,28.867754,40.888870,-59.794174,30.247200,1.586038,-2.231997,28.201353,2.778095,-3.711400,27.490166,79.924469,-60.996117,29.532307,79.266968,-59.782173,30.249464,1.598648,-2.332844,28.197258,2.872361,-3.655621,27.491125,79.924446,-61.064667,29.528109,79.118011,-39.380310,34.278461,12.216614,-22.622658,54.541416,55.274975,-14.316061,72.435799,75.174187,-32.748775,75.313286,11.997286,-28.971386,32.481911,43.088463,-19.192125,29.712973,74.172943,-17.519577,112.494888,43.318871,-24.964453,116.247131,11.464587,-20.865141,92.249939,32.996918,-10.196564,112.736427,75.130630
285,2.375000,-0.000473,0.000675,-0.000344,1.000000,-31.686895,28.868902,40.891891,-59.801918,30.247837,1.592091,-2.239656,28.200600,2.777916,-3.710639,27.491819,79.924484,-60.995377,29.535358,79.273186,-59.791004,30.251070,1.605765,-2.334843,28.194380,2.867863,-3.655059,27.493752,79.925171,-61.064423,29.528315,79.117256,-38.662319,34.267979,12.038131,-22.263121,54.531254,55.241943,-14.158162,72.502319,75.202736,-32.144951,75.363121,11.909379,-28.317154,32.541153,42.980392,-18.741589,29.788435,74.084267,-17.343391,112.586525,43.351936,-24.617605,116.354790,11.461314,-20.502914,92.351814,33.029922,-10.128265,112.834785,75.190384
286,2.383000,-0.000476,0.000676,-0.000356,1.000000,-31.685341,28.868809,40.891460,-59.800423,30.248196,1.591715,-2.238205,28.199600,2.777416,-3.709018,27.491278,79.923988,-60.993713,29.536169,79.272820,-59.789032,30.251308,1.605754,-2.335041,28.193443,2.870205,-3.654546,27.493126,79.923340,-61.063499,29.529364,79.117752,-38.003216,34.318413,11.911713,-21.793316,54.627068,55.183697,-14.007749,72.561195,75.232872,-31.626446,75.399384,11.832850,-27.782583,32.584534,42.846420,-18.308376,29.831001,74.074539,-17.138557,112.701126,43.419106,-24.362499,116.407837,11.461494,-20.184875,92.442032,33.013706,-10.071341,112.916016,75.259193
287,2.391000,-0.000439,0.000684,-0.000345,1.000000,-31.685522,28.868139,40.890839,-59.801247,30.249828,1.591638,-2.238974,28.202427,2.776283,-3.708559,27.488317,79.922829,-60.993309,29.531988,79.272705,-59.790031,30.252010,1.606262,-2.333050,28.198423,2.868101,-3.655059,27.489229,79.921341,-61.063648,29.527924,79.118134,-37.337051,34.321697,11.801537,-21.474344,54.601585,55.157478,-13.849956,72.634537,75.270149,-31.090630,75.438393,11.772167,-27.220654,32.630302,42.775475,-17.975035,29.855717,74.063972,-16.985237,112.778664,43.460785,-24.043152,116.484558,11.490917,-19.890398,92.495750,33.035748,-10.010397,112.992249,75.329002
288,2.399000,-0.000450,0.000660,-0.000357,1.000000,-31.687212,28.867554,40.890774,-59.801006,30.249077,1.590189,-2.238843,28.200222,2.777657,-3.712165,27.487902,79.924141,-60.996830,29.533028,79.271210,-59.789913,30.251080,1.604365,-2.334113,28.196680,2.870333,-3.659177,27.488636,79.923065,-61.062748,29.529486,79.118881,-36.654106,34.343620,11.679705,-20.968815,54.758465,55.095398,-13.684672,72.718155,75.310204,-30.562046,75.471748,11.703397,-26.697498,32.669678,42.736832,-17.546255,29.933754,74.013016,-16.853411,112.847313,43.496864,-23.784369,116.548668,11.478957,-19.586086,92.566765,33.064495,-9.947431,113.072945,75.393784
289,2.408000,-0.000459,0.000650,-0.000382,1.000000,-31.687836,28.865814,40.891354,-59.800766,30.248007,1.590171,-2.238721,28.196356,2.778843,-3.713653,27.485493,79.925308,-60.998199,29.533409,79.271187,-59.789543,30.250082,1.605439,-2.332423,28.192514,2.871366,-3.663049,27.486389,79.923126,-61.061966,29.529465,79.118454,-35.890163,34.380505,11.567863,-20.430147,54.902988,55.025650,-13.493614,72.814430,75.359138,-29.969820,75.488228,11.640250,-26.081869,32.703030,42.643948,-17.103622,30.011139,74.024918,-16.649063,112.932480,43.557144,-23.446024,116.628815,11.515448,-19.193703,92.675873,33.073582,-9.883334,113.160919,75.434738
290,2.416000,-0.000427,0.000645,-0.000385,1.000000,-31.688864,28.864979,40.891983,-59.801441,30.249861,1.590645,-2.239427,28.197721,2.779689,-3.715029,27.481989,79.926094,-60.999561,29.530357,79.271606,-59.790207,30.251593,1.605937,-2.333442,28.194725,2.871377,-3.664516,27.482540,79.924477,-61.062038,29.527388,79.117943,-35.209663,34.367020,11.489399,-20.220041,54.792889,55.116516,-13.356568,72.885101,75.394455,-29.440048,75.501991,11.593114,-25.508022,32.738800,42.602745,-16.697105,30.074156,74.001846,-16.513330,112.995697,43.598442,-23.226240,116.678261,11.516214,-18.928787,92.735336,33.099583,-9.828876,113.259995,75.469917
291,2.424000,-0.000427,0.000641,-0.000374,1.000000,-31.689054,28.865189,40.891914,-59.801292,30.249489,1.590312,-2.239239,28.198629,2.779904,-3.715563,27.482775,79.926285,-61.000134,29.529869,79.271248,-59.790134,30.251062,1.605358,-2.333421,28.196032,2.871871,-3.664666,27.483145,79.924774,-61.062801,29.527409,79.118111,-34.499653,34.354446,11.425632,-19.721550,54.890762,55.090839,-13.211155,72.956429,75.441727,-28.914803,75.508743,11.547268,-24.973185,32.701885,42.594929,-16.259232,30.157543,74.024185,-16.406382,113.052727,43.630611,-22.935001,116.730568,11.539550,-18.642891,92.797386,33.142078,-9.814135,113.354996,75.520859
292,2.433000,-0.000438,0.000651,-0.000366,1.000000,-31.688360,28.867105,40.893192,-59.801422,30.250095,1.592138,-2.239311,28.200197,2.780592,-3.714046,27.485991,79.927025,-60.998661,29.532141,79.273117,-59.790432,30.252289,1.607360,-2.332072,28.196196,2.870873,-3.662766,27.486977,79.925804,-61.062737,29.527912,79.118477,-33.749146,34.289890,11.390871,-19.427921,54.863312,55.124985,-13.013324,73.029930,75.500145,-28.322029,75.518959,11.496564,-24.281654,32.798706,42.553673,-15.825009,30.211683,74.046936,-16.220428,113.132797,43.694530,-22.685673,116.773415,11.563274,-18.295290,92.857399,33.150345,-9.779625,113.441956,75.604668
293,2.441000,-0.000429,0.000666,-0.000348,1.000000,-31.686609,28.867670,40.892036,-59.800903,30.250317,1.591849,-2.238682,28.202538,2.778536,-3.711069,27.486902,79.925011,-60.995781,29.530933,79.272858,-59.791012,30.252806,1.605991,-2.330760,28.197924,2.871389,-3.657387,27.488083,79.923843,-61.062294,29.526096,79.118324,-33.066856,34.251217,11.345419,-19.025578,54.922520,55.149223,-12.838587,73.098450,75.548767,-27.805859,75.502037,11.474167,-23.797110,32.748005,42.550652,-15.495183,30.239689,74.122047,-16.099562,113.190010,43.733711,-22.483648,116.788986,11.563282,-18.044720,92.899719,33.172989,-9.755425,113.513733,75.675949
294,2.450000,-0.000458,0.000676,-0.000323,1.000000,-31.685738,28.867977,40.891556,-59.800934,30.246973,1.591879,-2.238584,28.202093,2.777469,-3.709301,27.490837,79.924019,-60.994129,29.532015,79.272949,-59.790741,30.250021,1.605456,-2.332203,28.196270,2.869170,-3.654241,27.492571,79.923965,-61.061489,29.525589,79.118477,-32.282932,34.228249,11.294043,-18.567923,55.004303,55.167561,-12.642613,73.179230,75.607147,-27.238220,75.488007,11.464968,-23.121748,32.784073,42.550663,-14.932942,30.379713,74.145378,-15.978047,113.268623,43.780769,-22.182901,116.829857,11.594577,-17.728422,92.961792,33.229248,-9.737906,113.611397,75.750824
295,2.458000,-0.000448,0.000684,-0.000330,1.000000,-31.685486,28.870407,40.891304,-59.801292,30.250519,1.592103,-2.238953,28.204861,2.776736,-3.708446,27.492157,79.923294,-60.993259,29.534096,79.273186,-59.790401,30.253807,1.605745,-2.334495,28.198376,2.869228,-3.653428,27.494156,79.922882,-61.062454,29.526913,79.119209,-31.569178,34.214584,11.250232,-18.235352,55.036198,55.210537,-12.470431,73.252548,75.665718,-26.739077,75.478012,11.435923,-22.520628,32.796539,42.538216,-14.516775,30.459059,74.213776,-15.873869,113.312996,43.813812,-22.006636,116.845367,11.609879,-17.479984,92.987236,33.263119,-9.735183,113.699936,75.838875
296,2.466000,-0.000460,0.000679,-0.000320,1.000000,-31.684977,28.869427,40.892052,-59.800400,30.248106,1.592529,-2.238035,28.203556,2.777809,-3.708321,27.492601,79.924370,-60.993160,29.533449,79.273621,-59.789322,30.251438,1.606556,-2.333824,28.196918,2.870137,-3.653771,27.494663,79.923836,-61.062576,29.526020,79.118172,-30.903515,34.159256,11.223176,-17.861002,55.041866,55.287327,-12.300126,73.322174,75.728546,-26.245483,75.446548,11.419604,-21.972412,32.823406,42.575298,-14.115074,30.500349,74.296844,-15.728397,113.364220,43.867649,-21.845024,116.841530,11.622883,-17.163046,93.032013,33.283569,-9.756476,113.763336,75.916313
297,2.475000,-0.000452,0.000680,-0.000329,1.000000,-31.686180,28.869429,40.892277,-59.801643,30.249218,1.592818,-2.239311,28.203598,2.777976,-3.709483,27.491501,79.924522,-60.994293,29.533407,79.273895,-59.791542,30.252192,1.606722,-2.333457,28.197828,2.872347,-3.654835,27.493160,79.923508,-61.062698,29.527151,79.117867,-30.118788,34.121769,11.197059,-17.425581,55.116550,55.292328,-12.137449,73.375992,75.818634,-25.699150,75.412331,11.425323,-21.288790,32.838230,42.591152,-13.662203,30.576933,74.371529,-15.612425,113.403740,43.905510,-21.596977,116.829323,11.645128,-16.905676,93.035217,33.301750,-9.767694,113.833763,75.961617
298,2.483000,-0.000449,0.000681,-0.000350,1.000000,-31.685802,28.867132,40.892227,-59.801315,30.248312,1.592857,-2.239069,28.200325,2.777830,-3.709051,27.487818,79.924377,-60.993774,29.532078,79.273926,-59.790916,30.250389,1.607187,-2.333676,28.196594,2.872919,-3.655178,27.488583,79.922783,-61.062443,29.528397,79.117477,-29.434622,34.051647,11.200764,-17.091169,55.111496,55.354202,-11.977942,73.441544,75.886902,-25.231993,75.389465,11.422508,-20.743504,32.825996,42.652576,-13.324285,30.577293,74.498924,-15.540619,113.434242,43.929138,-21.429855,116.821541,11.648395,-16.642506,93.068993,33.355476,-9.751054,113.904884,76.004906
299,2.491000,-0.000463,0.000675,-0.000354,1.000000,-31.686296,28.867786,40.892200,-59.801304,30.248123,1.592430,-2.239084,28.199652,2.778196,-3.710058,27.489313,79.924751,-60.994751,29.534069,79.273514,-59.790134,30.250904,1.607325,-2.333622,28.194233,2.870073,-3.657263,27.490860,79.923531,-61.062717,29.528130,79.117340,-28.731409,33.974560,11.213467,-16.745169,55.158909,55.417423,-11.810331,73.516830,75.943405,-24.787693,75.356865,11.423365,-20.131021,32.845078,42.668579,-12.902531,30.657207,74.521072,-15.464192,113.458275,43.954269,-21.284081,116.810188,11.657513,-16.411600,93.062752,33.389286,-9.738296,113.984001,76.040024
300,2.500000,-0.000455,0.000682,-0.000346,1.000000,-31.686121,28.867344,40.892788,-59.801720,30.247801,1.593456,-2.239454,28.200325,2.778348,-3.709286,27.488747,79.924904,-60.994030,29.532505,79.274544,-59.790325,30.250189,1.608563,-2.334115,28.195768,2.871211,-3.656669,27.489904,79.922905,-61.063869,29.527733,79.118698,-27.974146,33.868126,11.240585,-16.381859,55.159103,55.506069,-11.602155,73.585365,76.008934,-24.282253,75.330841,11.422275,-19.519344,32.809265,42.740246,-12.402971,30.742178,74.609116,-15.325759,113.494766,44.004875,-21.080240,116.817284,11.706765,-16.071133,93.118919,33.406044,-9.727707,114.082214,76.082405
301,2.508000,-0.000443,0.000672,-0.000323,1.000000,-31.686607,28.867865,40.892673,-59.801437,30.248007,1.592776,-2.239096,28.203142,2.778846,-3.710541,27.489584,79.925354,-60.995365,29.530731,79.273811,-59.791260,30.249849,1.607223,-2.331919,28.199955,2.873291,-3.657027,27.490116,79.923401,-61.063969,29.527760,79.118393,-27.315718,33.767216,11.249303,-16.000463,55.225502,55.504654,-11.448001,73.639435,76.048569,-23.871000,75.281418,11.444721,-18.905651,32.879543,42.768700,-12.009020,30.771673,74.696518,-15.237438,113.517639,44.028736,-20.940369,116.807266,11.721070,-15.849975,93.145935,33.427341,-9.720514,114.140175,76.120682
302,2.516000,-0.000442,0.000663,-0.000343,1.000000,-31.686956,28.868114,40.892448,-59.801079,30.249432,1.592091,-2.238843,28.202230,2.779108,-3.711590,27.488667,79.925591,-60.996319,29.532137,79.273102,-59.790428,30.251881,1.606956,-2.332636,28.197569,2.873007,-3.659012,27.489862,79.923691,-61.063702,29.527256,79.117180,-26.631021,33.692318,11.250283,-15.661078,55.218781,55.560452,-11.280360,73.691109,76.085640,-23.458992,75.254890,11.425356,-18.370235,32.856834,42.804626,-11.606085,30.832205,74.759201,-15.158497,113.529625,44.054947,-20.838022,116.790009,11.721384,-15.615131,93.169312,33.471226,-9.773200,114.161667,76.138374
303,2.524000,-0.000439,0.000667,-0.000331,1.000000,-31.686527,28.867519,40.893829,-59.800941,30.248400,1.593661,-2.238646,28.202587,2.780292,-3.710872,27.488503,79.926773,-60.995651,29.530590,79.274681,-59.790104,30.250612,1.608679,-2.333027,28.198496,2.873714,-3.658273,27.489462,79.925179,-61.063129,29.526365,79.117302,-25.941826,33.629791,11.244302,-15.352920,55.238091,55.596733,-11.144044,73.709396,76.159431,-23.044466,75.231308,11.435166,-17.780205,32.893883,42.828239,-11.254281,30.854454,74.858269,-15.097910,113.540398,44.070988,-20.705547,116.770599,11.725237,-15.414330,93.155655,33.501358,-9.804665,114.195503,76.177467
304,2.533000,-0.000453,0.000668,-0.000352,1.000000,-31.686071,28.867313,40.893242,-59.800541,30.248293,1.593122,-2.238330,28.200081,2.779633,-3.710362,27.488195,79.926147,-60.995056,29.532688,79.274162,-59.790291,30.250954,1.607319,-2.332345,28.194942,2.875356,-3.656715,27.489567,79.924118,-61.063362,29.527319,79.119583,-25.177855,33.565132,11.233776,-14.991408,55.207561,55.664070,-10.965705,73.756660,76.211769,-22.623142,75.179077,11.425075,-17.214399,32.822941,42.870983,-10.851009,30.904854,74.915604,-15.034861,113.553032,44.081821,-20.505072,116.769684,11.742081,-15.107807,93.204948,33.505524,-9.838162,114.247955,76.225510
305,2.541000,-0.000451,0.000667,-0.000344,1.000000,-31.685799,28.866615,40.892990,-59.800232,30.247301,1.592830,-2.237993,28.200024,2.779424,-3.710127,27.487797,79.925934,-60.994850,29.531351,79.273865,-59.789478,30.249727,1.607690,-2.332526,28.195312,2.875666,-3.657962,27.488995,79.923141,-61.062378,29.526503,79.119301,-24.527962,33.467735,11.199507,-14.615853,55.277103,55.644161,-10.790751,73.791679,76.236023,-22.241161,75.166939,11.409883,-16.685249,32.825653,42.860783,-10.446700,30.968063,74.960213,-14.978833,113.561462,44.093929,-20.404070,116.739609,11.729578,-14.913212,93.215034,33.505493,-9.879871,114.289627,76.262581
306,2.549000,-0.000441,0.000655,-0.000347,1.000000,-31.686226,28.867409,40.893425,-59.799694,30.249033,1.592615,-2.237502,28.201372,2.780563,-3.711501,27.487656,79.927017,-60.996201,29.531584,79.273621,-59.789040,30.251789,1.607535,-2.332135,28.195847,2.876992,-3.659557,27.489195,79.924301,-61.062824,29.525726,79.118576,-23.870064,33.409752,11.184669,-14.305003,55.249630,55.676228,-10.592490,73.807442,76.258598,-21.883989,75.127754,11.402200,-16.220400,32.773453,42.889107,-10.075660,31.011534,74.980507,-14.914073,113.567444,44.103214,-20.321911,116.705833,11.723702,-14.753781,93.192688,33.508751,-9.930886,114.327553,76.293678
307,2.558000,-0.000460,0.000658,-0.000365,1.000000,-31.688282,28.868139,40.892944,-59.801910,30.249331,1.592234,-2.239782,28.199661,2.779946,-3.713402,27.488813,79.926437,-60.998028,29.534760,79.273262,-59.791149,30.252123,1.607971,-2.333061,28.193993,2.875688,-3.663075,27.490442,79.923073,-61.063141,29.528671,79.117744,-23.132217,33.331413,11.126641,-13.986842,55.242085,55.691765,-10.434062,73.788185,76.293289,-21.479095,75.123299,11.375112,-15.583277,32.834244,42.866203,-9.764817,31.000212,75.044029,-14.801330,113.584663,44.128700,-20.232986,116.681335,11.718878,-14.533960,93.172752,33.538261,-9.985666,114.349106,76.320358
308,2.566000,-0.000442,0.000659,-0.000363,1.000000,-31.688421,28.866936,40.891720,-59.802174,30.249414,1.591137,-2.240032,28.199902,2.778611,-3.713423,27.486330,79.925087,-60.998058,29.532103,79.272148,-59.791542,30.251587,1.605627,-2.333758,28.195974,2.870932,-3.660757,27.487236,79.923996,-61.063213,29.528049,79.117950,-22.463217,33.282749,11.061319,-13.625616,55.246578,55.663826,-10.275565,73.800591,76.314392,-21.142305,75.092049,11.364394,-15.094585,32.796314,42.891880,-9.505287,30.984432,75.069519,-14.733781,113.603401,44.123821,-20.161325,116.668152,11.719367,-14.367540,93.188728,33.541080,-10.026298,114.359642,76.340401
309,2.575000,-0.000397,0.000496,-0.000396,1.000000,-31.700373,28.862869,40.901157,-59.801163,30.250736,1.591489,-2.239534,28.197361,2.797633,-3.738251,27.476910,79.943558,-61.022545,29.526478,79.272041,-59.788906,30.250511,1.607060,-2.332050,28.199152,2.868735,-3.690967,27.475533,79.950722,-61.064083,29.528481,79.118607,-21.701971,33.242943,10.985036,-13.278111,55.268497,55.652828,-10.060427,73.827698,76.326218,-20.758942,75.091454,11.329931,-14.557672,32.769672,42.832397,-9.181675,30.997690,75.071770,-14.674997,113.612961,44.131844,-20.050522,116.655060,11.711992,-14.146812,93.233124,33.510422,-10.073779,114.366829,76.360870
310,2.583000,-0.000259,0.000225,-0.000563,1.000000,-31.724783,28.849230,40.912327,-59.803806,30.257309,1.587823,-2.243531,28.184387,2.824584,-3.784278,27.443176,79.969490,-61.067520,29.512051,79.267509,-59.789722,30.250401,1.607044,-2.329754,28.198511,2.870275,-3.749069,27.434650,79.989349,-61.065449,29.528713,79.116959,-21.053671,33.211334,10.903243,-12.966689,55.264015,55.639984,-9.839758,73.848000,76.271774,-20.420666,75.086441,11.296297,-14.070538,32.812767,42.802547,-8.899847,30.994738,75.071991,-14.627302,113.604805,44.132889,-19.912155,116.664192,11.735978,-14.000998,93.251137,33.510506,-10.124069,114.361282,76.386513
311,2.591000,-0.000126,-0.000102,-0.000770,1.000000,-31.746483,28.836775,40.920151,-59.799152,30.266914,1.577640,-2.240565,28.169764,2.851549,-3.832155,27.408791,79.995224,-61.114056,29.501638,79.256287,-59.789555,30.249504,1.607446,-2.330426,28.196156,2.879043,-3.808059,27.389612,80.049896,-61.070782,29.525038,79.112846,-20.408899,33.194946,10.823198,-12.652932,55.258495,55.592773,-9.762857,73.771202,76.285461,-20.087261,75.078110,11.258856,-13.584034,32.781879,42.771103,-8.561501,31.064919,75.056671,-14.590721,113.608849,44.135136,-19.827740,116.667007,11.734613,-13.829414,93.277100,33.524445,-10.174938,114.354416,76.405464
312,2.600000,-0.000111,-0.000472,-0.000999,0.999999,-31.716806,28.834539,40.901192,-59.739758,30.278631,1.538026,-2.183101,28.155125,2.854368,-3.831995,27.392673,79.996826,-61.112370,29.511734,79.215645,-59.788368,30.251419,1.606979,-2.324260,28.191952,2.891957,-3.804123,27.380932,80.066032,-61.078114,29.521891,79.106987,-19.700420,33.177551,10.711132,-12.334498,55.258591,55.567997,-9.525455,73.822006,76.253433,-19.717878,75.085464,11.194101,-13.044180,32.778564,42.695057,-8.280550,31.060415,75.074203,-14.561356,113.613129,44.137516,-19.715294,116.684280,11.713980,-13.671165,93.269714,33.531509,-10.226152,114.347206,76.418404
313,2.608000,-0.000188,-0.000330,-0.000864,1.000000,-31.725639,28.837494,40.900620,-59.760117,30.267996,1.545158,-2.202517,28.160187,2.845547,-3.829381,27.409140,79.988586,-61.110542,29.512659,79.223282,-59.786278,30.249098,1.606676,-2.321535,28.185963,2.896875,-3.795203,27.397812,80.050835,-61.080013,29.522408,79.105644,-19.113621,33.162899,10.602670,-12.004829,55.256199,55.497967,-9.406796,73.777809,76.263412,-19.395323,75.092110,11.160115,-12.653796,32.754318,42.644043,-8.056339,31.056553,75.003853,-14.545859,113.610962,44.142368,-19.654379,116.692245,11.706557,-13.492051,93.307098,33.492741,-10.280993,114.328094,76.430717
314,2.616000,-0.000156,-0.000078,-0.000741,1.000000,-31.746201,28.839291,40.922867,-59.800888,30.265430,1.581654,-2.242112,28.171757,2.852857,-3.829870,27.415281,79.996666,-61.111935,29.504698,79.260406,-59.790592,30.251011,1.605945,-2.321160,28.188786,2.893028,-3.794204,27.401165,80.036453,-61.078625,29.525188,79.108017,-18.504438,33.130245,10.487225,-11.726419,55.252708,55.455906,-9.209620,73.738876,76.211891,-19.087648,75.109596,11.101133,-12.133357,32.810963,42.578541,-7.896457,30.999136,74.966499,-14.528762,113.609444,44.144634,-19.599197,116.695114,11.698312,-13.365104,93.324249,33.468987,-10.354001,114.300446,76.431602
315,2.625000,-0.000202,-0.000295,-0.000846,1.000000,-31.718346,28.841612,40.891994,-59.755653,30.270037,1.538470,-2.197886,28.164349,2.834854,-3.819275,27.415323,79.978027,-61.100571,29.516748,79.216705,-59.789253,30.248970,1.606902,-2.325258,28.192795,2.885560,-3.788375,27.404871,80.037910,-61.072254,29.525557,79.110405,-17.776461,33.141743,10.351641,-11.357214,55.238457,55.368828,-9.034739,73.709496,76.154396,-18.747637,75.136688,11.045382,-11.662642,32.762356,42.450298,-7.715400,30.963806,74.928909,-14.520240,113.604446,44.146336,-19.528337,116.697052,11.687404,-13.233715,93.341919,33.454060,-10.444840,114.266563,76.432465
316,2.633000,-0.000194,-0.000433,-0.000916,1.000000,-31.707542,28.841841,40.886909,-59.733818,30.274767,1.525691,-2.176702,28.161001,2.837890,-3.819436,27.411074,79.980598,-61.100220,29.520527,79.203545,-59.789215,30.249886,1.607045,-2.326876,28.195110,2.880514,-3.792314,27.402132,80.040359,-61.074169,29.527811,79.110512,-17.086498,33.227077,10.192139,-11.109133,55.223495,55.314629,-8.911406,73.679260,76.125664,-18.431496,75.137375,10.989851,-11.210685,32.796486,42.399422,-7.530550,30.947956,74.824371,-14.522013,113.595497,44.151493,-19.473696,116.696152,11.674511,-13.116309,93.348274,33.446579,-10.550657,114.236595,76.429001
317,2.641000,-0.000203,-0.000504,-0.000854,1.000000,-31.703123,28.842562,40.888340,-59.723972,30.271267,1.523110,-2.166784,28.164715,2.843535,-3.820401,27.415995,79.986023,-61.101341,29.518280,79.200783,-59.789532,30.250463,1.607035,-2.328354,28.195227,2.879978,-3.793490,27.408701,80.048111,-61.075378,29.523886,79.109795,-16.426359,33.275040,10.040117,-10.771368,55.250515,55.209206,-8.724104,73.669693,76.074638,-18.136982,75.140884,10.914957,-10.800381,32.754345,42.273064,-7.371680,30.918301,74.745689,-14.538868,113.580414,44.150715,-19.417439,116.691574,11.657041,-13.001288,93.344635,33.426960,-10.659042,114.190422,76.455193
318,2.649000,-0.000192,-0.000480,-0.000879,1.000000,-31.706053,28.840837,40.885773,-59.728683,30.271860,1.521888,-2.171534,28.162306,2.839568,-3.821573,27.411961,79.982124,-61.102432,29.517225,79.199615,-59.789062,30.246861,1.593547,-2.325526,28.197208,2.881636,-3.793384,27.402969,80.043945,-61.076534,29.524439,79.108803,-15.756038,33.293873,9.858153,-10.523094,55.179066,55.163799,-8.551975,73.642502,76.024315,-17.837563,75.161766,10.829829,-10.299570,32.830555,42.166428,-7.255155,30.853949,74.710999,-14.566429,113.558792,44.149925,-19.341803,116.670212,11.632172,-12.851101,93.363953,33.376099,-10.781629,114.139580,76.501808
319,2.658000,-0.000174,-0.000290,-0.000846,1.000000,-31.726292,28.841663,40.892960,-59.763969,30.272249,1.539776,-2.206188,28.166527,2.835512,-3.826863,27.413229,79.978653,-61.108162,29.514656,79.217995,-59.789116,30.251017,1.605056,-2.326693,28.195021,2.882078,-3.798322,27.401907,80.037315,-61.077129,29.524691,79.107338,-14.951062,33.374008,9.714628,-10.182491,55.195309,55.039036,-8.426434,73.589432,75.979889,-17.506603,75.150894,10.779737,-9.867480,32.772232,42.041546,-7.097284,30.793650,74.600342,-14.611787,113.523956,44.150532,-19.303196,116.637299,11.604418,-12.722264,93.336761,33.351402,-10.911664,114.072975,76.549484
320,2.666000,-0.000189,-0.000363,-0.000857,1.000000,-31.715710,28.841206,40.887547,-59.747654,30.271191,1.530260,-2.190104,28.164253,2.834392,-3.821969,27.413368,79.977333,-61.103119,29.516024,79.208305,-59.788902,30.249258,1.608256,-2.327571,28.194151,2.881435,-3.793943,27.404112,80.035713,-61.076122,29.523718,79.109070,-14.271675,33.440910,9.568945,-9.915506,55.113609,55.000717,-8.334452,73.529800,75.936340,-17.220098,75.152359,10.700445,-9.429987,32.769688,41.984394,-6.959131,30.747873,74.512566,-14.660554,113.485298,44.151981,-19.236301,116.615211,11.581095,-12.622972,93.325272,33.330738,-11.005863,114.007950,76.559624
321,2.674000,-0.000189,-0.000348,-0.000864,1.000000,-31.718678,28.840797,40.886955,-59.751762,30.271255,1.530495,-2.194196,28.163464,2.832937,-3.823808,27.412489,79.975914,-61.104946,29.515991,79.208580,-59.789555,30.246937,1.594085,-2.324626,28.196072,2.880167,-3.795962,27.401558,80.035332,-61.075928,29.525331,79.109283,-13.616405,33.472706,9.408860,-9.612969,55.119705,54.890041,-8.185489,73.475227,75.864807,-16.943598,75.151505,10.621309,-9.012593,32.754505,41.846569,-6.864718,30.695660,74.452499,-14.727428,113.434830,44.161942,-19.142374,116.603920,11.591376,-12.538311,93.311890,33.311852,-11.109620,113.922165,76.550591
322,2.683000,-0.000179,-0.000232,-0.000803,1.000000,-31.731745,28.842464,40.896641,-59.774101,30.270233,1.546696,-2.215991,28.169489,2.835786,-3.827670,27.416832,79.979118,-61.109234,29.513311,79.225060,-59.788918,30.249435,1.602787,-2.326476,28.197422,2.880001,-3.799258,27.403852,80.036652,-61.076294,29.525375,79.109024,-12.874778,33.505554,9.228770,-9.329378,55.061817,54.845089,-8.058846,73.418800,75.809769,-16.617298,75.115616,10.563287,-8.489772,32.774982,41.763687,-6.840530,30.552254,74.407219,-14.814684,113.368011,44.167305,-19.090162,116.569115,11.581518,-12.425774,93.301933,33.284561,-11.223248,113.828812,76.532066
323,2.691000,-0.000179,-0.000368,-0.000875,1.000000,-31.715775,28.841412,40.888931,-59.747280,30.273226,1.531404,-2.189824,28.164179,2.836058,-3.822476,27.411753,79.978958,-61.103523,29.516497,79.209396,-59.789932,30.249102,1.607147,-2.328514,28.196901,2.879233,-3.795575,27.401850,80.038239,-61.075462,29.524908,79.110718,-12.171082,33.548531,9.091688,-9.014602,55.040813,54.739563,-7.980066,73.350014,75.781036,-16.352854,75.095543,10.503648,-8.122640,32.718597,41.665276,-6.743603,30.522104,74.301109,-14.857971,113.290039,44.148880,-19.052303,116.527534,11.574216,-12.251303,93.311188,33.249367,-11.335043,113.745972,76.513145
324,2.700000,-0.000175,-0.000401,-0.000866,1.000000,-31.712849,28.841650,40.887398,-59.741753,30.273268,1.528013,-2.184349,28.165251,2.836487,-3.822124,27.412188,79.979263,-61.103165,29.515902,79.205917,-59.787975,30.252331,1.606418,-2.327093,28.194487,2.881991,-3.794888,27.403772,80.038086,-61.076344,29.522726,79.109848,-11.376784,33.654793,8.952501,-8.737238,54.971291,54.680073,-7.851530,73.268387,75.736496,-16.040918,75.068489,10.425399,-7.590519,32.734749,41.596207,-6.658836,30.470657,74.230690,-14.928667,113.205887,44.117916,-19.012634,116.481384,11.562595,-12.161881,93.238228,33.216732,-11.451130,113.655113,76.503960
325,2.708000,-0.000210,-0.000377,-0.000815,1.000000,-31.721146,28.842133,40.896389,-59.752106,30.268183,1.538265,-2.194417,28.166126,2.844089,-3.828377,27.418209,79.987015,-61.109673,29.516024,79.216293,-59.789295,30.249783,1.608446,-2.325839,28.192352,2.880398,-3.801579,27.409399,80.050629,-61.078114,29.523409,79.110107,-10.713141,33.668430,8.872168,-8.485357,54.911266,54.637230,-7.764059,73.205711,75.715515,-15.751074,75.006355,10.388277,-7.225558,32.654457,41.516960,-6.577310,30.418678,74.175995,-15.039423,113.129593,44.084278,-18.996971,116.391983,11.538077,-12.068508,93.167244,33.205990,-11.541283,113.584366,76.513275
326,2.716000,-0.000195,-0.000251,-0.000742,1.000000,-31.740364,28.842407,40.914455,-59.781456,30.265585,1.563436,-2.223128,28.171825,2.854690,-3.837538,27.421341,79.998001,-61.119343,29.510885,79.241791,-59.788494,30.250641,1.607336,-2.324977,28.193766,2.884366,-3.811527,27.409014,80.063461,-61.077164,29.523003,79.110619,-10.028803,33.652321,8.811749,-8.201156,54.865498,54.584457,-7.670230,73.157166,75.691872,-15.462497,74.973000,10.330491,-6.785826,32.659016,41.478764,-6.506672,30.361494,74.142700,-15.143938,113.042870,44.090050,-18.967886,116.298424,11.517192,-11.997795,93.126335,33.201897,-11.674760,113.491730,76.535240
327,2.725000,-0.000205,-0.000280,-0.000762,1.000000,-31.734133,28.841873,40.910992,-59.772881,30.265358,1.558328,-2.214727,28.169340,2.852962,-3.833634,27.420504,79.996178,-61.115288,29.512304,79.236603,-59.790466,30.250042,1.605782,-2.323823,28.191576,2.889606,-3.805589,27.409479,80.063622,-61.075043,29.522261,79.111763,-9.271075,33.635380,8.741197,-7.969172,54.779350,54.576088,-7.604678,73.097374,75.664146,-15.144391,74.878860,10.288527,-6.313862,32.606689,41.438740,-6.488536,30.224934,74.134201,-15.268789,112.941948,44.112316,-18.939108,116.214897,11.507421,-11.911485,93.076897,33.188442,-11.864333,113.379990,76.530228
328,2.733000,-0.000219,-0.000364,-0.000781,1.000000,-31.724510,28.844360,40.907063,-59.756573,30.267801,1.549625,-2.198708,28.169605,2.854028,-3.830657,27.423027,79.996994,-61.112106,29.517014,79.227699,-59.788769,30.252234,1.605839,-2.321608,28.192532,2.891810,-3.802492,27.413813,80.065956,-61.074917,29.524725,79.111710,-8.609178,33.667809,8.691447,-7.667563,54.753220,54.518860,-7.565957,72.991959,75.658943,-14.871094,74.807167,10.240635,-5.958246,32.544998,41.427231,-6.391716,30.196991,74.078484,-15.374097,112.803207,44.109268,-18.944874,116.120209,11.495357,-11.841171,92.984016,33.177589,-11.997562,113.290833,76.514565
329,2.741000,-0.000225,-0.000555,-0.000795,1.000000,-31.703197,28.843094,40.897270,-59.720177,30.266853,1.529109,-2.162877,28.167051,2.855530,-3.824320,27.421442,79.997879,-61.105419,29.517031,79.206673,-59.790295,30.250412,1.606693,-2.323802,28.192839,2.891719,-3.796846,27.414837,80.064659,-61.075775,29.521883,79.109818,-7.942533,33.669495,8.658098,-7.429237,54.684414,54.508614,-7.532448,72.906158,75.661560,-14.595619,74.710915,10.229132,-5.543408,32.504482,41.406788,-6.315522,30.157963,74.064697,-15.467503,112.691162,44.095200,-18.946301,115.966248,11.464294,-11.742522,92.896652,33.143677,-12.113126,113.190735,76.490219
330,2.750000,-0.000219,-0.000448,-0.000782,1.000000,-31.711208,28.844223,40.896709,-59.736645,30.267721,1.534560,-2.179012,28.169456,2.848637,-3.823921,27.422832,79.991325,-61.105251,29.516888,79.212410,-59.790890,30.252678,1.604437,-2.324842,28.192776,2.888885,-3.789625,27.415339,80.061478,-61.077969,29.522413,79.107819,-7.200656,33.623505,8.663557,-7.177790,54.610455,54.512360,-7.491510,72.840401,75.669685,-14.272332,74.595840,10.196007,-5.063826,32.461693,41.434658,-6.223698,30.108446,74.069664,-15.592175,112.555038,44.093334,-18.953041,115.837326,11.452263,-11.595132,92.838577,33.143822,-12.155306,113.106171,76.462700
331,2.758000,-0.000237,-0.000450,-0.000746,1.000000,-31.709675,28.845627,40.897160,-59.735062,30.265717,1.534852,-2.177280,28.171591,2.849230,-3.822440,27.427626,79.991951,-61.103905,29.517578,79.212723,-59.790092,30.251724,1.607153,-2.325552,28.193876,2.886135,-3.788026,27.420572,80.062943,-61.076992,29.522675,79.108032,-6.543593,33.550526,8.720099,-6.961919,54.517776,54.571224,-7.464378,72.780045,75.683205,-14.005949,74.494156,10.179066,-4.752158,32.308418,41.460098,-6.079269,30.088839,74.097458,-15.738620,112.429276,44.079243,-18.967216,115.709595,11.442370,-11.523700,92.735237,33.154652,-12.215190,113.021828,76.446083
332,2.766000,-0.000233,-0.000185,-0.000673,1.000000,-31.730370,28.847471,40.909134,-59.776855,30.263769,1.561713,-2.218071,28.178055,2.845523,-3.822184,27.433243,79.989098,-61.104370,29.514822,79.240295,-59.790031,30.251724,1.605841,-2.327183,28.196644,2.884908,-3.777492,27.422047,80.060493,-61.076237,29.524395,79.108078,-5.890748,33.505650,8.788965,-6.723166,54.460091,54.564785,-7.430440,72.691246,75.703201,-13.726886,74.356499,10.196695,-4.320067,32.292526,41.505249,-5.952075,30.041361,74.134361,-15.855640,112.270760,44.063053,-18.996517,115.519844,11.414751,-11.453128,92.610657,33.148083,-12.454198,112.921127,76.382652
333,2.774000,-0.000228,-0.000095,-0.000648,1.000000,-31.734425,28.848478,40.911991,-59.788013,30.263742,1.569599,-2.228898,28.180862,2.843103,-3.819194,27.435282,79.986954,-61.101604,29.514036,79.248405,-59.790165,30.253727,1.606273,-2.330301,28.196886,2.881201,-3.772674,27.424082,80.055496,-61.074341,29.523914,79.110565,-5.240319,33.442940,8.847573,-6.468564,54.406952,54.582932,-7.401861,72.598396,75.733490,-13.456713,74.236046,10.180447,-3.899507,32.258472,41.557140,-5.806835,29.987244,74.161896,-15.959662,112.122131,44.053699,-19.024296,115.375732,11.404875,-11.400574,92.514839,33.153694,-12.578238,112.816597,76.407585
334,2.783000,-0.000228,-0.000014,-0.000615,1.000000,-31.737831,28.848997,40.915344,-59.797878,30.262432,1.577494,-2.238414,28.183348,2.841681,-3.816181,27.437622,79.985794,-61.098854,29.512592,79.256508,-59.790188,30.253719,1.606245,-2.332873,28.197575,2.878333,-3.767859,27.425739,80.048065,-61.072834,29.524076,79.110275,-4.544446,33.372936,8.930240,-6.247901,54.294048,54.631435,-7.363799,72.521935,75.764648,-13.151845,74.083099,10.195632,-3.550035,32.120956,41.626808,-5.667448,29.895124,74.229431,-16.079136,111.973572,44.058277,-19.060455,115.150368,11.376132,-11.326461,92.379990,33.171509,-12.767532,112.665894,76.402222
335,2.791000,-0.000152,0.000003,-0.000523,1.000000,-31.733461,28.855410,40.901936,-59.795143,30.269644,1.565287,-2.235260,28.200964,2.827141,-3.810185,27.443251,79.971184,-61.093258,29.507792,79.244232,-59.789055,30.253601,1.606444,-2.345102,28.226042,2.847000,-3.763734,27.427078,80.044708,-61.072529,29.523140,79.111084,-3.937096,33.320610,9.008728,-6.043621,54.226929,54.691666,-7.335875,72.436203,75.807884,-12.879703,73.919151,10.217248,-3.195800,32.035419,41.726894,-5.499634,29.821390,74.283066,-16.199375,111.797539,44.049370,-19.056612,115.010712,11.373686,-11.244949,92.252693,33.187103,-12.915282,112.564873,76.394218
336,2.799000,-0.000179,-0.000026,-0.000516,1.000000,-31.731022,28.855192,40.905563,-59.790409,30.266874,1.567185,-2.230573,28.199127,2.832541,-3.810015,27.445566,79.976532,-61.093086,29.509207,79.246094,-59.789349,30.251663,1.606363,-2.315779,28.220331,2.857337,-3.764367,27.429115,80.041954,-61.072712,29.525385,79.111580,-3.343946,33.252460,9.097661,-5.866534,54.103828,54.767303,-7.324903,72.349495,75.856613,-12.610602,73.762283,10.243844,-2.825250,31.941641,41.791973,-5.305098,29.776743,74.347809,-16.311031,111.637917,44.041271,-19.068787,114.799187,11.345861,-11.181278,92.105827,33.206993,-13.108110,112.450409,76.376747
337,2.808000,-0.000200,-0.000077,-0.000495,1.000000,-31.729416,28.856504,40.910919,-59.784901,30.265379,1.569653,-2.225107,28.200058,2.840898,-3.812292,27.449671,79.984756,-61.095367,29.510918,79.248466,-59.788017,30.251316,1.606821,-2.301609,28.218878,2.870090,-3.766218,27.433910,80.047546,-61.073547,29.526440,79.111931,-2.679828,33.154549,9.209583,-5.651876,54.042519,54.838299,-7.317565,72.243843,75.912308,-12.318344,73.608971,10.260530,-2.396754,31.864475,41.917629,-5.067927,29.715961,74.435120,-16.441118,111.474670,44.042278,-19.125860,114.588295,11.336037,-11.116130,91.979889,33.229237,-13.238909,112.359879,76.402237
338,2.816000,-0.000176,-0.000065,-0.000520,1.000000,-31.731731,28.853497,40.913570,-59.788097,30.265696,1.573059,-2.228379,28.197483,2.842799,-3.813732,27.443357,79.986664,-61.096729,29.507458,79.251862,-59.789009,30.251476,1.607230,-2.305138,28.216562,2.875351,-3.767172,27.426657,80.047050,-61.073269,29.524475,79.110512,-2.120382,33.071911,9.322224,-5.468972,53.893036,54.917431,-7.316610,72.155830,75.964165,-12.065460,73.434120,10.287770,-2.025363,31.790125,42.006378,-4.860157,29.616615,74.528648,-16.576159,111.267349,43.999359,-19.182665,114.338264,11.304729,-11.076997,91.793877,33.237270,-13.458072,112.194672,76.413506
339,2.825000,-0.000179,-0.000078,-0.000526,1.000000,-31.730764,28.854475,40.909843,-59.786057,30.266750,1.568559,-2.226388,28.197897,2.839872,-3.813833,27.444258,79.983696,-61.096786,29.508999,79.247330,-59.790493,30.252853,1.606493,-2.305115,28.216616,2.871290,-3.768375,27.429094,80.046593,-61.073536,29.523750,79.110992,-1.499249,32.946434,9.432391,-5.290576,53.799629,54.985664,-7.322384,72.043533,76.014259,-11.791206,73.223564,10.331659,-1.719320,31.617441,42.107918,-4.570374,29.511425,74.632500,-16.697662,111.068153,43.989563,-19.236240,114.117065,11.291638,-11.035921,91.639923,33.251808,-13.653563,112.033859,76.402374
340,2.833000,-0.000174,-0.000092,-0.000536,1.000000,-31.729776,28.853464,40.908398,-59.783966,30.266678,1.566362,-2.224374,28.196659,2.839222,-3.813943,27.442316,79.983009,-61.096825,29.508209,79.245087,-59.789497,30.250963,1.605543,-2.305605,28.217602,2.870837,-3.769002,27.426083,80.046913,-61.073208,29.523939,79.110680,-0.963180,32.819782,9.555608,-5.121138,53.661926,55.066288,-7.361370,71.884300,76.085892,-11.557949,73.036728,10.358046,-1.365627,31.525934,42.235870,-4.307772,29.405209,74.732872,-16.806522,110.891281,43.987438,-19.293060,113.866028,11.258472,-10.985663,91.466751,33.274223,-13.848445,111.895683,76.372002
341,2.841000,-0.000172,-0.000087,-0.000547,1.000000,-31.730513,28.854156,40.909565,-59.785046,30.268141,1.567802,-2.225485,28.196821,2.840108,-3.814331,27.442238,79.983902,-61.097179,29.509428,79.246544,-59.789116,30.252895,1.605838,-2.306795,28.217339,2.871866,-3.768728,27.425947,80.047676,-61.073597,29.525316,79.110298,-0.447130,32.681290,9.685777,-4.961388,53.547050,55.128925,-7.355817,71.795731,76.118469,-11.336672,72.875854,10.383230,-1.056259,31.375462,42.348690,-4.053825,29.289394,74.839058,-16.915705,110.680450,43.968147,-19.372004,113.590942,11.229259,-10.949569,91.298119,33.283051,-13.986100,111.777115,76.368019
342,2.850000,-0.000143,-0.000077,-0.000556,1.000000,-31.732086,28.854328,40.911858,-59.787327,30.271107,1.570702,-2.227786,28.198656,2.841806,-3.815201,27.439636,79.985580,-61.098026,29.507919,79.249428,-59.788765,30.253645,1.606310,-2.307451,28.221577,2.874810,-3.769799,27.420586,80.046524,-61.074013,29.527298,79.111328,0.136037,32.504025,9.821587,-4.790373,53.408604,55.214458,-7.335114,71.680046,76.158051,-11.097680,72.665565,10.416355,-0.688910,31.256830,42.485504,-3.730948,29.181162,74.952866,-17.016794,110.480034,43.953671,-19.451605,113.336838,11.222347,-10.912138,91.122131,33.305763,-14.166530,111.586823,76.347595
343,2.858000,-0.000143,-0.000098,-0.000562,1.000000,-31.731070,28.853140,40.909302,-59.784668,30.270273,1.566982,-2.225199,28.197113,2.840474,-3.815821,27.438095,79.984192,-61.098587,29.507086,79.245651,-59.789253,30.252117,1.606253,-2.306494,28.220695,2.874049,-3.772574,27.419975,80.045235,-61.074020,29.525093,79.111969,0.608321,32.352581,9.948402,-4.648739,53.275436,55.276222,-7.332914,71.551292,76.207687,-10.890284,72.458336,10.442428,-0.375965,31.151735,42.568924,-3.450511,29.058956,75.052597,-17.123487,110.261070,43.922092,-19.536098,113.065575,11.189059,-10.901988,90.921570,33.303078,-14.372301,111.424278,76.297791
344,2.866000,-0.000148,-0.000099,-0.000560,1.000000,-31.730518,28.853481,40.908455,-59.784092,30.270077,1.566106,-2.224615,28.197189,2.839661,-3.815296,27.438974,79.983376,-61.098076,29.507694,79.244781,-59.790016,30.253330,1.605239,-2.306780,28.219296,2.873385,-3.771455,27.422174,80.045929,-61.073387,29.524063,79.111427,1.064001,32.204834,10.066991,-4.509835,53.171497,55.344772,-7.327122,71.443680,76.231682,-10.709352,72.261497,10.469586,-0.077382,31.014931,42.666489,-3.145314,28.948311,75.152191,-17.231516,110.068359,43.901356,-19.620411,112.798897,11.147888,-10.896430,90.757431,33.313400,-14.537864,111.287239,76.297699
345,2.875000,-0.000166,-0.000108,-0.000552,1.000000,-31.729370,28.852665,40.906498,-59.782253,30.267429,1.563585,-2.222770,28.195518,2.838260,-3.814828,27.439976,79.981979,-61.097633,29.507744,79.242264,-59.787655,30.250952,1.606231,-2.308648,28.217539,2.871202,-3.772773,27.424299,80.044098,-61.073166,29.522869,79.111176,1.569898,32.040031,10.150424,-4.338209,53.004921,55.414997,-7.325426,71.296692,76.268402,-10.513680,72.054962,10.481254,0.323981,30.940538,42.767353,-2.858114,28.794178,75.286842,-17.374266,109.823677,43.837955,-19.702513,112.537430,11.132899,-10.885891,90.537849,33.308495,-14.743418,111.082115,76.273315
346,2.883000,-0.000166,-0.000095,-0.000565,1.000000,-31.730600,28.853443,40.908367,-59.784473,30.268898,1.566187,-2.225008,28.195488,2.839360,-3.815082,27.440065,79.983124,-61.097847,29.509327,79.244904,-59.788219,30.251907,1.606511,-2.307265,28.217892,2.871912,-3.772226,27.423084,80.044136,-61.073769,29.526102,79.111588,1.973721,31.893179,10.248452,-4.244492,52.867626,55.456596,-7.322261,71.163872,76.296860,-10.345630,71.849686,10.513778,0.579490,30.767860,42.825977,-2.630293,28.612316,75.382172,-17.485744,109.623741,43.814049,-19.763870,112.265015,11.092222,-10.898020,90.359634,33.310089,-14.937628,110.895264,76.231590
347,2.891000,-0.000149,-0.000120,-0.000563,1.000000,-31.727240,28.853470,40.904827,-59.779144,30.270205,1.561293,-2.219746,28.196943,2.837274,-3.813666,27.438822,79.980927,-61.096405,29.507917,79.239914,-59.788658,30.251640,1.606497,-2.304336,28.220919,2.869443,-3.772348,27.422413,80.043755,-61.072140,29.523649,79.111763,2.352571,31.769817,10.313914,-4.121521,52.721935,55.521244,-7.326945,71.035767,76.324623,-10.179291,71.651421,10.516903,0.901179,30.699162,42.895668,-2.377840,28.479935,75.431839,-17.590693,109.401764,43.780563,-19.861898,112.013687,11.057490,-10.911569,90.181694,33.302517,-15.112493,110.727943,76.206757
348,2.899000,-0.000152,-0.000080,-0.000555,1.000000,-31.731766,28.853344,40.908218,-59.786839,30.269325,1.566917,-2.227300,28.197050,2.838311,-3.815049,27.439445,79.982094,-61.097874,29.507565,79.245651,-59.789688,30.251928,1.606318,-2.306697,28.219540,2.871925,-3.773149,27.421871,80.040054,-61.073380,29.525385,79.111572,2.703490,31.644859,10.353570,-3.992267,52.590965,55.548973,-7.329111,70.884850,76.321892,-10.036097,71.480225,10.514030,1.190821,30.600687,42.972763,-2.122970,28.357803,75.484070,-17.692631,109.201576,43.753136,-19.938240,111.768211,11.017127,-10.938259,89.991890,33.291332,-15.301392,110.503937,76.189583
349,2.908000,-0.000159,-0.000060,-0.000537,1.000000,-31.733105,28.852802,40.910484,-59.789803,30.267250,1.570281,-2.230141,28.197062,2.839407,-3.814772,27.440430,79.983261,-61.097706,29.506477,79.249069,-59.789803,30.250757,1.606708,-2.307606,28.218460,2.873575,-3.772373,27.422642,80.039131,-61.073029,29.524988,79.111771,3.109418,31.490088,10.372828,-3.903244,52.362495,55.576401,-7.348900,70.682327,76.328697,-9.847195,71.271156,10.501299,1.442589,30.421171,43.015789,-1.758160,28.295156,75.520912,-17.818741,108.952835,43.710403,-20.024281,111.476006,10.960879,-10.961752,89.774811,33.273823,-15.553260,110.278610,76.130135
350,2.916000,-0.000153,-0.000082,-0.000550,1.000000,-31.730768,28.853378,40.907600,-59.785641,30.269087,1.566145,-2.226088,28.197336,2.837855,-3.814253,27.439749,79.981628,-61.097092,29.507345,79.244873,-59.788960,30.252022,1.605734,-2.305694,28.219542,2.870595,-3.771944,27.422506,80.040779,-61.073071,29.524616,79.111610,3.471558,31.345663,10.396414,-3.813414,52.222450,55.569424,-7.300919,70.578293,76.299644,-9.722915,71.091576,10.489529,1.762520,30.365955,43.020752,-1.402343,28.194559,75.524597,-17.936594,108.751953,43.674507,-20.121532,111.250389,10.921518,-10.992717,89.580803,33.249344,-15.738979,110.048607,76.106049
351,2.924000,-0.000141,-0.000063,-0.000548,1.000000,-31.731808,28.853638,40.909981,-59.788193,30.270136,1.569629,-2.228582,28.198618,2.839091,-3.813791,27.439224,79.982910,-61.096668,29.506577,79.248390,-59.790218,30.254206,1.605573,-2.306207,28.219635,2.871128,-3.768342,27.421570,80.043694,-61.073338,29.524427,79.110512,3.822717,31.191168,10.423822,-3.718272,52.032787,55.583031,-7.269401,70.390999,76.275627,-9.589273,70.909515,10.465613,2.025787,30.221912,43.003929,-1.008312,28.151226,75.548676,-18.085571,108.501945,43.609230,-20.216272,110.986649,10.854439,-11.021163,89.381340,33.227673,-15.915712,109.826889,76.075325
352,2.933000,-0.000151,-0.000069,-0.000552,1.000000,-31.731358,28.853664,40.910179,-59.787251,30.269640,1.569459,-2.227676,28.197618,2.839658,-3.813827,27.439770,79.983475,-61.096680,29.507633,79.248215,-59.789574,30.253139,1.605322,-2.307789,28.219574,2.872007,-3.767774,27.421661,80.045990,-61.073017,29.525763,79.110458,4.147913,31.067472,10.371220,-3.569780,51.878132,55.523468,-7.304569,70.184235,76.248322,-9.435940,70.695679,10.425797,2.343054,30.086760,43.009541,-0.662037,28.025822,75.538361,-18.234236,108.253006,43.565403,-20.366188,110.689224,10.778985,-11.069988,89.156174,33.182381,-16.166479,109.559181,75.990974
353,2.941000,-0.000169,-0.000102,-0.000530,1.000000,-31.730032,28.851709,40.906231,-59.783459,30.264992,1.563653,-2.223873,28.195566,2.837634,-3.814954,27.440491,79.981377,-61.097847,29.505793,79.242355,-59.789646,30.247629,1.591955,-2.305920,28.219116,2.872370,-3.766804,27.421347,80.048012,-61.072929,29.524237,79.111107,4.443803,30.937777,10.311866,-3.452187,51.710056,55.465622,-7.311874,69.967979,76.208260,-9.341214,70.524773,10.384627,2.611362,29.971060,42.951996,-0.433076,27.853193,75.482834,-18.353651,108.007576,43.521217,-20.461792,110.453781,10.739434,-11.104505,88.947472,33.150940,-16.356035,109.323227,75.966469
354,2.950000,-0.000165,-0.000081,-0.000545,1.000000,-31.730875,28.852119,40.911648,-59.785835,30.266581,1.570210,-2.226260,28.195414,2.841860,-3.814271,27.439732,79.985657,-61.097134,29.506758,79.248955,-59.787239,30.250988,1.603741,-2.306977,28.216600,2.874184,-3.766484,27.421755,80.049492,-61.073666,29.524696,79.109558,4.793407,30.767813,10.256130,-3.332465,51.518715,55.417080,-7.363179,69.719475,76.178856,-9.219213,70.317963,10.322433,2.923632,29.823511,42.898907,-0.157762,27.686081,75.403091,-18.533821,107.736526,43.461357,-20.564861,110.175232,10.679962,-11.159303,88.712761,33.097286,-16.617882,109.023643,75.908302
355,2.958000,-0.000167,-0.000046,-0.000569,1.000000,-31.730354,28.850853,40.917351,-59.788013,30.266520,1.577872,-2.228439,28.192604,2.845496,-3.811070,27.437263,79.989410,-61.093891,29.507032,79.256714,-59.788044,30.251890,1.608040,-2.306075,28.212770,2.874224,-3.757151,27.418188,80.057884,-61.073715,29.526108,79.111740,5.052322,30.680752,10.154755,-3.278534,51.290787,55.388451,-7.346848,69.510483,76.101562,-9.137145,70.152824,10.255348,3.207850,29.705164,42.840015,0.050962,27.510324,75.300575,-18.710356,107.473824,43.411182,-20.671684,109.919167,10.628739,-11.201526,88.504585,33.058899,-16.791639,108.788910,75.872322
356,2.966000,-0.000123,-0.000035,-0.000605,1.000000,-31.726910,28.848120,40.920753,-59.785355,30.269264,1.582041,-2.225909,28.191105,2.848169,-3.806839,27.429089,79.992058,-61.089527,29.503033,79.260849,-59.789066,30.252075,1.607798,-2.305169,28.215561,2.872141,-3.743603,27.405050,80.075439,-61.071533,29.526224,79.113182,5.324453,30.552027,10.059756,-3.150528,51.128269,55.295902,-7.353193,69.300171,76.031128,-9.051062,69.970749,10.204509,3.457079,29.549917,42.750687,0.250880,27.321413,75.202545,-18.872530,107.210014,43.368374,-20.789919,109.691597,10.598396,-11.266026,88.286751,33.006535,-17.008766,108.502411,75.820908
357,2.975000,-0.000072,-0.000025,-0.000638,1.000000,-31.725311,28.843599,40.929676,-59.784473,30.270555,1.591676,-2.225134,28.188499,2.856421,-3.804538,27.418793,80.000267,-61.087109,29.496559,79.270432,-59.788620,30.251419,1.608308,-2.305543,28.217707,2.873753,-3.727696,27.385988,80.106300,-61.069672,29.527414,79.114807,5.604022,30.459770,9.931887,-3.033968,50.934296,55.198753,-7.404843,69.026436,75.948387,-8.986029,69.782867,10.124548,3.745417,29.402388,42.685505,0.468286,27.121172,75.105377,-19.048019,106.945923,43.341003,-20.925518,109.409630,10.539377,-11.312350,88.067314,32.961346,-17.287960,108.207336,75.759003
358,2.983000,-0.000077,-0.000027,-0.000622,1.000000,-31.726765,28.842758,40.934155,-59.785809,30.268446,1.596028,-2.226412,28.188211,2.861029,-3.806105,27.419216,80.004868,-61.088734,29.495174,79.274788,-59.789879,30.252460,1.607520,-2.303267,28.213778,2.873058,-3.723072,27.386534,80.126503,-61.069523,29.524660,79.116600,5.849247,30.336777,9.837747,-2.936146,50.756939,55.127422,-7.479483,68.793343,75.894859,-8.924196,69.609703,10.050026,4.016809,29.307089,42.575729,0.614368,26.909006,75.004944,-19.210247,106.688354,43.292046,-21.050655,109.189201,10.480915,-11.381962,87.847832,32.901463,-17.435423,107.947136,75.733002
359,2.991000,-0.000090,-0.000044,-0.000614,1.000000,-31.725815,28.844503,40.931599,-59.783543,30.268738,1.592490,-2.224150,28.189484,2.859497,-3.806460,27.422401,80.003296,-61.089104,29.497396,79.271217,-59.789200,30.252611,1.607091,-2.302108,28.214640,2.872260,-3.729846,27.393045,80.117760,-61.068939,29.524004,79.116806,6.070233,30.268972,9.722155,-2.865807,50.565086,55.054283,-7.535455,68.553940,75.818405,-8.872602,69.454277,9.978940,4.230759,29.172161,42.497471,0.745619,26.706270,74.874695,-19.402966,106.453308,43.242340,-21.199724,108.933403,10.418308,-11.434518,87.685616,32.858994,-17.664429,107.646523,75.682594
360,3.000000,-0.000102,-0.000074,-0.000629,1.000000,-31.723372,28.846737,40.922081,-59.778641,30.270819,1.581210,-2.219397,28.189856,2.851802,-3.806454,27.424786,79.995537,-61.088989,29.501497,79.259880,-59.787666,30.251247,1.607483,-2.297870,28.217310,2.870218,-3.743881,27.399090,80.086868,-61.069523,29.525814,79.114944,6.317626,30.136621,9.611764,-2.743588,50.400471,54.952229,-7.600432,68.306023,75.755432,-8.812796,69.273224,9.901828,4.496828,29.040443,42.380836,0.875898,26.492855,74.733788,-19.598337,106.155396,43.191418,-21.348669,108.691879,10.382214,-11.541362,87.408386,32.783558,-17.880503,107.357529,75.622452
361,3.008000,-0.000110,-0.000089,-0.000603,1.000000,-31.725103,28.849497,40.915310,-59.779297,30.271519,1.573598,-2.219981,28.193628,2.845904,-3.809258,27.429592,79.989601,-61.091877,29.503256,79.252243,-59.789467,30.251759,1.606866,-2.299244,28.219955,2.869097,-3.753550,27.407211,80.070198,-61.071472,29.524508,79.112541,6.520050,30.052134,9.521271,-2.685621,50.207912,54.906143,-7.675414,68.072197,75.685059,-8.759158,69.107590,9.843806,4.735697,28.924402,42.307465,0.965055,26.301769,74.617813,-19.782537,105.920769,43.163605,-21.439701,108.457901,10.333570,-11.609995,87.243820,32.740131,-18.048929,107.059158,75.602203
362,3.016000,-0.000131,-0.000067,-0.000569,1.000000,-31.727028,28.851059,40.915443,-59.783016,30.269495,1.574883,-2.223510,28.195530,2.844790,-3.809395,27.434721,79.988571,-61.092186,29.504499,79.253616,-59.789268,30.251720,1.605518,-2.298063,28.219187,2.869864,-3.753346,27.412737,80.063858,-61.072964,29.525930,79.111984,6.754392,29.926216,9.452125,-2.640935,50.036514,54.838360,-7.751971,67.861366,75.621788,-8.716904,68.965248,9.780046,4.963020,28.816748,42.212105,1.038677,26.107124,74.507713,-19.981524,105.664017,43.100639,-21.546692,108.259567,10.300117,-11.680210,87.044563,32.696548,-18.237926,106.799759,75.583176
363,3.024000,-0.000163,-0.000096,-0.000565,1.000000,-31.725422,28.851494,40.914021,-59.779179,30.267181,1.571772,-2.219722,28.193796,2.845094,-3.810009,27.437887,79.988846,-61.092777,29.507118,79.250481,-59.789330,30.251772,1.605752,-2.294529,28.214418,2.869729,-3.756652,27.419907,80.064285,-61.072395,29.524105,79.111931,6.956012,29.860506,9.357863,-2.517937,49.888645,54.731621,-7.839577,67.634094,75.538330,-8.677082,68.799515,9.719654,5.149230,28.676540,42.122829,1.088903,25.912846,74.401489,-20.191282,105.419136,43.073963,-21.661797,108.025673,10.254638,-11.758056,86.846748,32.657391,-18.464697,106.534592,75.565132
364,3.033000,-0.000219,-0.000132,-0.000549,1.000000,-31.723803,28.852480,40.916096,-59.774780,30.262911,1.571670,-2.215344,28.191483,2.849361,-3.811157,27.444094,79.993080,-61.093937,29.511440,79.250359,-59.787392,30.249590,1.605987,-2.289407,28.209606,2.873857,-3.758599,27.428585,80.069038,-61.072880,29.525745,79.112984,7.151836,29.755693,9.256023,-2.451236,49.706642,54.648052,-7.957163,67.390808,75.459084,-8.616663,68.638817,9.644879,5.375438,28.552633,42.027195,1.107195,25.675592,74.279045,-20.417477,105.114235,43.032085,-21.812658,107.790756,10.212018,-11.870079,86.636833,32.598724,-18.788443,106.236359,75.496147
365,3.041000,-0.000221,-0.000114,-0.000581,1.000000,-31.724695,28.850576,40.918873,-59.776997,30.262587,1.575449,-2.217650,28.187510,2.851072,-3.810725,27.440620,79.994865,-61.093403,29.511599,79.254196,-59.788467,30.250433,1.607334,-2.284746,28.203886,2.876876,-3.757519,27.425179,80.067131,-61.072712,29.526365,79.112190,7.338900,29.657047,9.182408,-2.384274,49.531693,54.590202,-8.029110,67.172630,75.382523,-8.594434,68.485672,9.578762,5.588753,28.453278,41.966583,1.136981,25.481245,74.176697,-20.647598,104.866806,43.002953,-21.988707,107.537605,10.174601,-11.933596,86.422089,32.569359,-18.963091,105.968536,75.475662
366,3.049000,-0.000227,-0.000101,-0.000613,1.000000,-31.723898,28.849262,40.917191,-59.777103,30.262602,1.574454,-2.217856,28.183826,2.848664,-3.809035,27.437983,79.992500,-61.091602,29.512648,79.253242,-59.788712,30.251621,1.606807,-2.270652,28.197617,2.865930,-3.759958,27.423233,80.062790,-61.072136,29.527355,79.111992,7.504357,29.597193,9.101722,-2.373710,49.356728,54.570580,-8.081533,67.010414,75.293846,-8.552727,68.324501,9.544045,5.773892,28.338932,41.916611,1.154655,25.240093,74.076904,-20.862192,104.598679,42.975063,-22.153154,107.321022,10.141385,-12.012909,86.256813,32.542229,-19.215982,105.701721,75.418198
367,3.058000,-0.000182,-0.000051,-0.000562,1.000000,-31.723341,28.848484,40.914173,-59.780685,30.262575,1.574418,-2.221096,28.189547,2.842590,-3.804374,27.436462,79.986511,-61.087215,29.505360,79.253265,-59.788578,30.250814,1.607731,-2.255017,28.202137,2.844700,-3.761620,27.419163,80.056168,-61.072891,29.524755,79.111923,7.701429,29.472572,9.040689,-2.286036,49.180740,54.479225,-8.177678,66.791824,75.197670,-8.531198,68.152908,9.486919,5.991954,28.234571,41.831825,1.155373,25.072735,73.984741,-21.097679,104.289070,42.943470,-22.322014,107.058128,10.114041,-12.157795,86.027847,32.484306,-19.448427,105.395653,75.399933
368,3.066000,-0.000154,-0.000046,-0.000533,1.000000,-31.722715,28.852022,40.909122,-59.780472,30.266663,1.569685,-2.220753,28.196928,2.837255,-3.803334,27.439457,79.981148,-61.086304,29.505047,79.248505,-59.787811,30.252728,1.606867,-2.253591,28.211308,2.833233,-3.763499,27.420149,80.054817,-61.072453,29.526142,79.113022,7.863503,29.381645,8.994520,-2.212011,49.039822,54.424889,-8.291473,66.565384,75.141228,-8.509085,68.001389,9.445278,6.146102,28.107416,41.777756,1.149015,24.856861,73.872337,-21.313435,104.048965,42.926052,-22.446077,106.847107,10.090477,-12.248879,85.830231,32.463074,-19.622458,105.156013,75.390526
369,3.075000,-0.000052,-0.000110,-0.000489,1.000000,-31.721931,28.860077,40.899822,-59.774815,30.280231,1.557112,-2.215081,28.215281,2.831569,-3.807387,27.442041,79.975098,-61.090439,29.502764,79.235603,-59.789223,30.253578,1.605970,-2.294013,28.248447,2.838789,-3.762635,27.419735,80.052933,-61.072384,29.523977,79.112099,8.012999,29.294777,8.941305,-2.179790,48.872940,54.377701,-8.449448,66.331604,75.135536,-8.502949,67.808884,9.427004,6.345733,28.000542,41.748196,1.057438,24.589144,73.816170,-21.559416,103.759506,42.877296,-22.602020,106.595230,10.051126,-12.355135,85.634941,32.440483,-19.938160,104.852966,75.336708
370,3.083000,-0.000089,-0.000109,-0.000491,1.000000,-31.724661,28.860327,40.901497,-59.777611,30.277746,1.558733,-2.217889,28.212584,2.833235,-3.810054,27.445009,79.976830,-61.093094,29.505980,79.237289,-59.788631,30.252647,1.606558,-2.305529,28.245317,2.846075,-3.764731,27.423759,80.053070,-61.073940,29.526266,79.111122,8.181361,29.185375,8.914822,-2.155112,48.695366,54.351341,-8.568878,66.095688,75.094772,-8.499244,67.665627,9.396208,6.505226,27.904150,41.711296,1.004104,24.401518,73.766289,-21.779949,103.517738,42.869453,-22.773609,106.366119,10.028391,-12.480702,85.441376,32.410873,-20.093306,104.634178,75.359764
371,3.091000,-0.000077,-0.000097,-0.000479,1.000000,-31.724566,28.859503,40.902035,-59.778522,30.277172,1.560006,-2.218714,28.213415,2.833033,-3.808957,27.443933,79.976639,-61.092068,29.503494,79.238571,-59.789623,30.252569,1.607934,-2.304966,28.245422,2.844701,-3.762621,27.422667,80.054199,-61.073406,29.523808,79.110703,8.308740,29.094919,8.892657,-2.146956,48.539497,54.350132,-8.700381,65.898582,75.060478,-8.492230,67.495300,9.380201,6.647480,27.800974,41.688068,0.982037,24.251280,73.687073,-21.997246,103.286041,42.867165,-22.976578,106.113777,9.998888,-12.589459,85.247528,32.407085,-20.336056,104.379272,75.322227
372,3.100000,-0.000082,-0.000094,-0.000475,1.000000,-31.725073,28.860479,40.902691,-59.779251,30.277517,1.560792,-2.219424,28.214199,2.833533,-3.809240,27.445539,79.977158,-61.092377,29.504669,79.239372,-59.789299,30.252583,1.607320,-2.303443,28.246658,2.843271,-3.762535,27.423441,80.055008,-61.074764,29.525848,79.112457,8.478764,28.959217,8.898485,-2.127024,48.395184,54.332691,-8.864445,65.652351,75.055634,-8.488888,67.315819,9.368337,6.779572,27.679787,41.673912,0.996448,24.126644,73.617706,-22.245346,102.996895,42.824730,-23.156046,105.875931,10.001345,-12.776197,84.994606,32.407658,-20.549580,104.118851,75.306915
373,3.108000,-0.000078,-0.000122,-0.000501,1.000000,-31.722885,28.859329,40.900986,-59.774780,30.278147,1.557520,-2.215123,28.211916,2.833486,-3.809327,27.442619,79.977020,-61.092316,29.504642,79.236015,-59.788280,30.252003,1.605839,-2.304372,28.246037,2.844143,-3.763572,27.421192,80.055664,-61.073261,29.524862,79.111244,8.597873,28.868889,8.905545,-2.120168,48.230862,54.301655,-8.998596,65.440819,75.035530,-8.498500,67.171349,9.345850,6.878480,27.554270,41.659660,1.060866,24.012938,73.584717,-22.477518,102.766785,42.820335,-23.309526,105.638054,9.986548,-12.892760,84.830635,32.408901,-20.716692,103.878929,75.296158
374,3.116000,-0.000073,-0.000140,-0.000492,1.000000,-31.722256,28.859531,40.900352,-59.772766,30.278236,1.555890,-2.213118,28.212929,2.833900,-3.810075,27.442936,79.977371,-61.093067,29.504036,79.234337,-59.788906,30.252052,1.606770,-2.304658,28.247059,2.843551,-3.765609,27.422726,80.055992,-61.073494,29.522985,79.111397,8.685385,28.786369,8.902513,-2.150088,48.061230,54.322136,-9.119519,65.252075,75.010368,-8.503394,67.003258,9.356683,7.001649,27.458223,41.666542,1.132028,23.881786,73.570511,-22.689352,102.504646,42.811611,-23.452181,105.449364,9.984359,-13.039091,84.624176,32.392765,-20.958559,103.651047,75.251976
375,3.125000,-0.000072,-0.000120,-0.000490,1.000000,-31.723291,28.859653,40.900799,-59.775352,30.278353,1.557451,-2.215651,28.213322,2.833185,-3.809562,27.443064,79.976715,-61.092602,29.503887,79.235947,-59.790306,30.253162,1.605582,-2.301220,28.245739,2.841898,-3.762995,27.422043,80.057045,-61.074032,29.523560,79.110947,8.814013,28.634951,8.908881,-2.146764,47.915955,54.316242,-9.268892,65.021530,75.014351,-8.561942,66.809830,9.340199,7.114847,27.342833,41.672222,1.268513,23.765625,73.576843,-22.964119,102.233147,42.817051,-23.638958,105.178848,9.986440,-13.179075,84.401733,32.382542,-21.178450,103.380333,75.233276
376,3.133000,-0.000070,-0.000118,-0.000468,1.000000,-31.722391,28.860018,40.901669,-59.774696,30.277634,1.558459,-2.214903,28.215139,2.833918,-3.808421,27.444506,79.977448,-61.091549,29.502800,79.236961,-59.788578,30.252636,1.607224,-2.300167,28.247341,2.842731,-3.761568,27.423330,80.057571,-61.073154,29.522783,79.110008,8.892374,28.547224,8.920999,-2.133915,47.786949,54.300571,-9.404286,64.812714,75.007317,-8.603298,66.664680,9.332512,7.168698,27.199654,41.672997,1.387701,23.677877,73.561165,-23.213568,101.967690,42.786274,-23.829920,104.960129,9.995142,-13.265842,84.259079,32.369297,-21.407787,103.169205,75.212875
377,3.141000,-0.000080,-0.000111,-0.000481,1.000000,-31.722523,28.860497,40.901871,-59.775364,30.277998,1.559031,-2.215594,28.214077,2.833703,-3.808028,27.445095,79.977272,-61.091114,29.504827,79.237572,-59.788185,30.252018,1.607650,-2.299933,28.247511,2.841861,-3.761724,27.423065,80.056404,-61.073147,29.525826,79.111275,8.955457,28.448740,8.927398,-2.205310,47.590481,54.315983,-9.537116,64.643661,75.007225,-8.654145,66.480453,9.344505,7.249402,27.092976,41.662483,1.459248,23.535685,73.558769,-23.449417,101.730095,42.802731,-24.025600,104.713593,9.962860,-13.370683,84.095039,32.362724,-21.571125,102.931908,75.234512
378,3.149000,-0.000097,-0.000098,-0.000466,1.000000,-31.723562,28.860348,40.903481,-59.777439,30.275717,1.561302,-2.217576,28.213552,2.834591,-3.808033,27.447065,79.978226,-61.091202,29.505066,79.239891,-59.787918,30.249775,1.607421,-2.302100,28.247284,2.844167,-3.760556,27.424034,80.057297,-61.073597,29.527086,79.112495,9.034870,28.309261,8.952909,-2.230066,47.467251,54.318474,-9.684170,64.441689,75.018532,-8.720505,66.307678,9.337227,7.312603,26.993969,41.666649,1.529940,23.382494,73.579338,-23.684114,101.477554,42.783607,-24.221901,104.492714,9.955647,-13.442633,83.934525,32.335903,-21.848722,102.691338,75.196289
379,3.158000,-0.000073,-0.000103,-0.000447,1.000000,-31.723801,28.861233,40.902786,-59.777355,30.277466,1.560420,-2.217436,28.217331,2.834144,-3.808588,27.447096,79.977730,-61.091816,29.503048,79.238960,-59.789066,30.251381,1.608047,-2.302680,28.251093,2.844319,-3.762511,27.424824,80.055504,-61.073597,29.524357,79.112885,9.078270,28.187763,8.964170,-2.231901,47.319298,54.311718,-9.830153,64.205711,74.998024,-8.811349,66.119553,9.339623,7.360702,26.858753,41.679874,1.624814,23.223797,73.591957,-23.964563,101.204453,42.764240,-24.419998,104.247757,9.963822,-13.596972,83.741959,32.333050,-22.062183,102.467964,75.211571
380,3.166000,-0.000078,-0.000122,-0.000484,1.000000,-31.723738,28.860531,40.903160,-59.775700,30.278408,1.559713,-2.215976,28.214073,2.835640,-3.810111,27.444756,79.979172,-61.093163,29.504889,79.238213,-59.789688,30.251833,1.608696,-2.303175,28.248316,2.846690,-3.764568,27.423006,80.057121,-61.074108,29.525549,79.112854,9.100677,28.064453,8.958776,-2.294465,47.146843,54.311478,-9.979056,64.016113,75.020920,-8.894070,65.924538,9.346433,7.409816,26.728233,41.690662,1.724394,23.096590,73.596046,-24.199562,100.929642,42.753063,-24.583851,104.001762,9.954701,-13.776573,83.520218,32.323696,-22.247519,102.230766,75.218613
381,3.174000,-0.000073,-0.000126,-0.000481,1.000000,-31.722340,28.860573,40.900990,-59.773956,30.278673,1.557302,-2.214229,28.214729,2.833733,-3.809056,27.444574,79.977242,-61.092125,29.504320,79.235779,-59.789955,30.253029,1.607484,-2.301394,28.247726,2.842866,-3.764076,27.424162,80.055801,-61.073166,29.523516,79.112160,9.141708,27.896854,8.984066,-2.350311,46.989120,54.321934,-10.118320,63.844101,75.028725,-8.992725,65.729073,9.352151,7.448035,26.607695,41.705627,1.832626,22.972145,73.630440,-24.439209,100.686943,42.745693,-24.752899,103.785828,9.949896,-13.951200,83.287468,32.323944,-22.465614,102.016090,75.197128
382,3.183000,-0.000076,-0.000110,-0.000491,1.000000,-31.723011,28.860432,40.901070,-59.775852,30.278831,1.558262,-2.216130,28.213640,2.832875,-3.808510,27.444136,79.976440,-61.091553,29.505125,79.236794,-59.789978,30.251822,1.605529,-2.299162,28.247993,2.841329,-3.762250,27.421389,80.055801,-61.073418,29.526630,79.112549,9.146895,27.747541,9.005689,-2.391428,46.836044,54.331215,-10.247873,63.618626,75.001060,-9.098471,65.523163,9.331562,7.463512,26.454241,41.736797,1.933127,22.806053,73.678055,-24.702841,100.411560,42.718513,-24.958710,103.500221,9.946678,-14.144113,83.058144,32.320484,-22.716518,101.755119,75.164040
383,3.191000,-0.000071,-0.000106,-0.000468,1.000000,-31.723404,28.860802,40.901493,-59.776653,30.278296,1.558954,-2.216828,28.215837,2.833035,-3.808492,27.445408,79.976601,-61.091637,29.503670,79.237480,-59.790184,30.252678,1.607142,-2.300381,28.248606,2.843027,-3.762455,27.423759,80.054611,-61.073364,29.524261,79.111786,9.134145,27.607048,9.008593,-2.471648,46.660717,54.336895,-10.381934,63.437199,75.000412,-9.214250,65.321686,9.336682,7.467720,26.305098,41.758240,2.007601,22.672747,73.708580,-24.947723,100.163742,42.707355,-25.147005,103.274307,9.946070,-14.332783,82.838669,32.321583,-22.937275,101.531746,75.145699
384,3.200000,-0.000135,-0.000095,-0.000526,1.000000,-31.724342,28.855610,40.905151,-59.778332,30.271324,1.563066,-2.218709,28.202332,2.836102,-3.808704,27.441978,79.979813,-61.091625,29.506811,79.241730,-59.788834,30.253101,1.606410,-2.277541,28.223818,2.842521,-3.763951,27.422756,80.054512,-61.074745,29.525566,79.112434,9.149318,27.378651,9.029404,-2.593451,46.428783,54.369598,-10.521444,63.239456,75.009888,-9.356068,65.075806,9.324781,7.464624,26.124838,41.773529,2.087804,22.519442,73.738220,-25.218197,99.893349,42.696209,-25.349533,102.996910,9.923712,-14.507946,82.587074,32.301014,-23.198914,101.295616,75.123756
385,3.208000,-0.000151,-0.000032,-0.000502,1.000000,-31.724796,28.853294,40.909786,-59.783726,30.266428,1.571140,-2.223858,28.200159,2.837095,-3.804245,27.442228,79.981026,-61.087357,29.504368,79.249992,-59.790836,30.252466,1.606176,-2.255470,28.214550,2.834006,-3.763606,27.422131,80.053703,-61.074345,29.526966,79.112396,9.131391,27.228651,9.046394,-2.665672,46.276691,54.387718,-10.647601,63.046844,75.005188,-9.465679,64.887619,9.340901,7.454102,25.974390,41.808083,2.152866,22.379162,73.788177,-25.464874,99.620018,42.677982,-25.536997,102.774216,9.923742,-14.698933,82.380554,32.306976,-23.431709,101.062500,75.106766
386,3.216000,-0.000135,-0.000052,-0.000510,1.000000,-31.724300,28.852293,40.911064,-59.781647,30.267147,1.571342,-2.221853,28.200016,2.839530,-3.805330,27.439516,79.983368,-61.088383,29.502497,79.250107,-59.790958,30.252781,1.606684,-2.260731,28.215620,2.844786,-3.762396,27.420357,80.052498,-61.072083,29.523350,79.111542,9.082313,27.088314,9.049274,-2.786127,46.092655,54.413094,-10.766100,62.845497,75.007172,-9.602262,64.681068,9.337366,7.453849,25.845974,41.824306,2.217705,22.247705,73.820000,-25.710577,99.379303,42.651024,-25.713348,102.534355,9.919967,-14.878827,82.182762,32.296040,-23.652128,100.841415,75.092812
387,3.225000,-0.000163,-0.000106,-0.000583,1.000000,-31.724253,28.850115,40.911949,-59.777199,30.266813,1.569155,-2.217838,28.191360,2.843595,-3.809652,27.435499,79.987312,-61.092331,29.506790,79.247833,-59.790058,30.252588,1.604971,-2.276654,28.208986,2.863013,-3.761678,27.418909,80.056572,-61.072998,29.523144,79.112335,9.060704,26.861000,9.071218,-2.848306,45.919071,54.397594,-10.911219,62.652161,75.016953,-9.749270,64.432915,9.343609,7.426039,25.686821,41.838402,2.287968,22.111099,73.838310,-25.963423,99.094254,42.627518,-25.882105,102.297363,9.930966,-15.083206,81.924370,32.293583,-23.913296,100.588905,75.071960
388,3.233000,-0.000204,-0.000141,-0.000567,1.000000,-31.724913,28.849182,40.910583,-59.775116,30.261793,1.565683,-2.215776,28.188202,2.844375,-3.813031,27.438625,79.988045,-61.095726,29.508110,79.244331,-59.787571,30.247196,1.591315,-2.284149,28.207853,2.874809,-3.762031,27.420839,80.057274,-61.072773,29.525173,79.111496,9.012556,26.697645,9.116880,-2.961310,45.727966,54.396610,-11.052153,62.486744,75.016090,-9.892648,64.225731,9.329649,7.389376,25.530279,41.848267,2.332900,21.984816,73.875114,-26.219141,98.856476,42.620094,-26.006109,102.089432,9.972630,-15.267418,81.715508,32.274635,-24.142767,100.384117,75.046852
389,3.241000,-0.000184,-0.000124,-0.000594,1.000000,-31.726274,28.849634,40.915371,-59.777737,30.265274,1.571473,-2.218461,28.188601,2.848134,-3.813148,27.436069,79.991829,-61.095764,29.508600,79.250137,-59.788258,30.252403,1.603386,-2.286138,28.205608,2.878878,-3.763368,27.420479,80.057564,-61.073238,29.523722,79.111374,8.937701,26.545519,9.129378,-3.057045,45.561848,54.414062,-11.184876,62.285267,75.015297,-10.031362,64.026833,9.339158,7.366750,25.394217,41.859962,2.366540,21.845388,73.913445,-26.470207,98.601601,42.581070,-26.186592,101.863518,9.957191,-15.449345,81.512177,32.269772,-24.386845,100.164841,75.019089
390,3.250000,-0.000174,-0.000115,-0.000580,1.000000,-31.726450,28.851614,40.915031,-59.778702,30.267303,1.571706,-2.219352,28.192204,2.847216,-3.812531,27.438000,79.990921,-61.095215,29.508951,79.250374,-59.789734,30.252901,1.605757,-2.288912,28.210846,2.878149,-3.763359,27.421484,80.057106,-61.072384,29.524973,79.112221,8.857285,26.381163,9.132019,-3.162033,45.393600,54.403599,-11.349312,62.096573,75.006058,-10.195549,63.780014,9.340002,7.328782,25.253290,41.882713,2.389017,21.707249,73.932457,-26.731295,98.334419,42.567753,-26.418600,101.612022,9.940984,-15.666023,81.272621,32.246006,-24.642530,99.914459,74.985275
391,3.258000,-0.000165,-0.000101,-0.000571,1.000000,-31.726269,28.851860,40.914494,-59.779621,30.267746,1.571959,-2.220201,28.193586,2.845857,-3.811255,27.438057,79.989601,-61.093990,29.508060,79.250656,-59.789078,30.252457,1.607216,-2.291026,28.213245,2.874976,-3.761577,27.420685,80.056778,-61.072304,29.524916,79.112610,8.799088,26.196114,9.139633,-3.261727,45.254929,54.410839,-11.495146,61.939167,74.994919,-10.345793,63.567883,9.321858,7.278632,25.122398,41.899391,2.393617,21.598076,73.959114,-26.982174,98.109062,42.530025,-26.613474,101.386215,9.920746,-15.857850,81.058029,32.237854,-24.885048,99.709450,74.952423
392,3.266000,-0.000157,-0.000098,-0.000539,1.000000,-31.726547,28.852961,40.912247,-59.780239,30.267685,1.569909,-2.220675,28.197279,2.843419,-3.811207,27.440313,79.987160,-61.094074,29.506573,79.248604,-59.789078,30.251026,1.606674,-2.295361,28.218756,2.872504,-3.762466,27.422255,80.054871,-61.072010,29.524040,79.112114,8.734191,26.013676,9.161657,-3.408446,45.048527,54.429966,-11.647725,61.769432,75.006210,-10.522709,63.377075,9.305737,7.211851,24.983608,41.916576,2.394926,21.462715,73.999161,-27.228134,97.876953,42.500610,-26.814747,101.146103,9.891179,-16.065151,80.857674,32.217556,-25.127815,99.496536,74.913284
393,3.274000,-0.000153,-0.000107,-0.000548,1.000000,-31.726488,28.854864,40.909904,-59.779442,30.270451,1.567075,-2.219948,28.198919,2.841601,-3.811878,27.441359,79.985298,-61.094696,29.508738,79.245735,-59.789520,30.252701,1.606994,-2.296216,28.221590,2.868973,-3.764567,27.423328,80.053650,-61.072910,29.526043,79.111984,8.634794,25.858477,9.172075,-3.542675,44.887959,54.440628,-11.800186,61.581600,74.992111,-10.690667,63.187061,9.288334,7.142213,24.838285,41.931549,2.382844,21.350111,74.019241,-27.470606,97.641670,42.491974,-27.018082,100.912666,9.865334,-16.269587,80.649330,32.218578,-25.369198,99.285728,74.888802
394,3.283000,-0.000150,-0.000111,-0.000540,1.000000,-31.727198,28.854889,40.909557,-59.779869,30.270226,1.566517,-2.220347,28.199667,2.841482,-3.812867,27.441633,79.985168,-61.095715,29.508039,79.245163,-59.788651,30.252764,1.606299,-2.296997,28.222099,2.868989,-3.765790,27.423710,80.052773,-61.073959,29.525333,79.110992,8.515356,25.690546,9.170206,-3.710030,44.688023,54.480267,-11.978285,61.403637,74.976006,-10.890532,62.928391,9.310399,7.052011,24.661091,41.970211,2.357679,21.220711,74.038727,-27.753872,97.367821,42.471401,-27.235750,100.664818,9.846488,-16.506851,80.420403,32.199604,-25.637032,99.059105,74.869118
395,3.291000,-0.000138,-0.000101,-0.000540,1.000000,-31.728081,28.855070,40.909760,-59.781540,30.271378,1.567313,-2.221992,28.200705,2.841076,-3.812972,27.440849,79.984779,-61.095821,29.507357,79.245972,-59.789379,30.254656,1.606628,-2.297612,28.222216,2.869541,-3.766298,27.423361,80.050652,-61.073856,29.524380,79.110870,8.391373,25.534286,9.179128,-3.832435,44.519062,54.465504,-12.146683,61.243267,74.989174,-11.052681,62.715805,9.306388,6.992428,24.540823,41.996162,2.284074,21.078484,74.068459,-27.996796,97.171776,42.436401,-27.439558,100.419525,9.813269,-16.715361,80.209167,32.181885,-25.882193,98.854622,74.852295
396,3.299000,-0.000152,-0.000111,-0.000558,1.000000,-31.727293,28.854465,40.908257,-59.779858,30.270676,1.565167,-2.220413,28.198057,2.840227,-3.813073,27.440340,79.983910,-61.095840,29.508799,79.243813,-59.789490,30.253214,1.606502,-2.298404,28.220406,2.870173,-3.767955,27.423168,80.049362,-61.072803,29.525358,79.110817,8.291335,25.371260,9.202317,-3.947938,44.382172,54.457050,-12.317382,61.079491,75.003754,-11.234235,62.519585,9.294300,6.923935,24.416733,42.018673,2.222759,20.948017,74.107422,-28.222471,96.924408,42.405666,-27.628704,100.204155,9.787208,-16.923962,80.004478,32.171288,-26.126320,98.663513,74.824234
397,3.308000,-0.000140,-0.000098,-0.000548,1.000000,-31.728188,28.855160,40.909775,-59.781868,30.271690,1.567498,-2.222344,28.200191,2.840909,-3.812852,27.440716,79.984627,-61.095684,29.508049,79.246162,-59.789276,30.255175,1.605996,-2.298797,28.221544,2.871596,-3.767047,27.423473,80.048790,-61.072689,29.524883,79.111397,8.196165,25.144424,9.254210,-4.091981,44.211040,54.451584,-12.482635,60.883938,74.983871,-11.453761,62.272041,9.290123,6.828186,24.265013,42.046124,2.146671,20.809347,74.136429,-28.491756,96.672249,42.389236,-27.857012,99.951088,9.757107,-17.186735,79.779503,32.163456,-26.397556,98.436768,74.792564
398,3.316000,-0.000143,-0.000067,-0.000545,1.000000,-31.729332,28.854916,40.910721,-59.785416,30.271118,1.570147,-2.225807,28.199879,2.840063,-3.811613,27.440798,79.983871,-61.094494,29.507875,79.248894,-59.789379,30.255886,1.606128,-2.300292,28.219812,2.870414,-3.765260,27.423706,80.045944,-61.072220,29.524940,79.111694,8.082797,24.970064,9.280298,-4.227755,44.043179,54.468727,-12.668957,60.714825,74.987320,-11.635663,62.046360,9.299959,6.766599,24.161022,42.075661,2.034758,20.664007,74.165817,-28.734661,96.463760,42.363068,-28.043211,99.729919,9.743188,-17.405958,79.579613,32.160831,-26.627224,98.228729,74.760811
399,3.325000,-0.000082,0.000130,-0.000475,1.000000,-31.729925,28.851112,40.926125,-59.801685,30.268215,1.596773,-2.241292,28.204887,2.843785,-3.796631,27.436108,79.988113,-61.080086,29.495245,79.275932,-59.789021,30.252966,1.605742,-2.300402,28.219048,2.869730,-3.750681,27.421328,80.027542,-61.071323,29.524590,79.112968,7.952306,24.795712,9.312986,-4.411687,43.858547,54.517971,-12.868378,60.541130,74.992271,-11.837484,61.786781,9.307906,6.671763,24.014135,42.111774,1.892038,20.491491,74.219971,-28.977541,96.209679,42.328880,-28.259090,99.461082,9.701831,-17.652239,79.338287,32.137852,-26.929613,98.010605,74.705124
400,3.333000,-0.000081,0.000239,-0.000434,1.000000,-31.728155,28.853067,40.931244,-59.808617,30.267902,1.608023,-2.247781,28.209358,2.842471,-3.786218,27.440319,79.987129,-61.070000,29.494698,79.287460,-59.786789,30.249592,1.591011,-2.301074,28.219166,2.869625,-3.743405,27.430180,80.017906,-61.067154,29.524315,79.115929,7.808690,24.612856,9.343740,-4.556526,43.678230,54.525982,-13.052954,60.389942,74.996880,-12.005280,61.597729,9.298757,6.556783,23.844961,42.156834,1.769139,20.368919,74.247269,-29.214174,95.988647,42.315990,-28.442785,99.245331,9.675674,-17.916487,79.121590,32.151615,-27.162228,97.834358,74.682365
401,3.341000,-0.000096,0.000283,-0.000451,1.000000,-31.727541,28.855488,40.934574,-59.811424,30.270132,1.613790,-2.250552,28.209606,2.843213,-3.782204,27.442926,79.988037,-61.065983,29.499292,79.293358,-59.786247,30.254824,1.604163,-2.302574,28.217855,2.871228,-3.742627,27.434626,80.013321,-61.065090,29.524788,79.118744,7.686660,24.437183,9.379684,-4.718969,43.491871,54.548943,-13.258165,60.217903,75.027885,-12.191818,61.384743,9.316029,6.467414,23.704466,42.195911,1.603521,20.225435,74.278458,-29.449347,95.788887,42.269604,-28.628868,99.002663,9.650667,-18.180582,78.899727,32.148003,-27.380905,97.628990,74.655792
402,3.350000,-0.000063,0.000249,-0.000449,1.000000,-31.730450,28.852737,40.932228,-59.811699,30.269852,1.609644,-2.250901,28.209528,2.842802,-3.787735,27.437723,79.987473,-61.071468,29.493851,79.289078,-59.787594,30.250389,1.592315,-2.304512,28.219473,2.872987,-3.747777,27.427822,80.013748,-61.064171,29.524364,79.117531,7.571537,24.184025,9.458360,-4.893541,43.312378,54.551250,-13.477296,60.011654,75.027695,-12.395120,61.112976,9.329336,6.413236,23.594198,42.280342,1.429803,20.055424,74.327019,-29.696611,95.530624,42.247158,-28.852341,98.744568,9.622187,-18.453716,78.645744,32.143837,-27.647278,97.407791,74.628357
403,3.358000,-0.000049,0.000101,-0.000622,1.000000,-31.727379,28.843239,40.912674,-59.796452,30.271149,1.581791,-2.236739,28.190847,2.831984,-3.796756,27.417484,79.976181,-61.079575,29.493479,79.260841,-59.788364,30.253910,1.604414,-2.305085,28.218174,2.874439,-3.764582,27.398590,79.998230,-61.066151,29.526987,79.118019,7.445002,23.990259,9.501373,-5.079081,43.129269,54.599579,-13.662207,59.849644,75.011230,-12.571074,60.885292,9.319269,6.295601,23.425705,42.384113,1.266996,19.904942,74.365570,-29.915339,95.322960,42.230377,-29.034147,98.509476,9.592051,-18.709621,78.431137,32.161816,-27.893330,97.210464,74.595184
404,3.366000,-0.000025,0.000122,-0.000623,1.000000,-31.725353,28.839577,40.912430,-59.796070,30.269464,1.582786,-2.236304,28.188974,2.830482,-3.793103,27.411858,79.974709,-61.075939,29.488014,79.261848,-59.788090,30.255583,1.605180,-2.303918,28.217352,2.872248,-3.768794,27.397188,79.988045,-61.069530,29.524607,79.112282,7.299016,23.800541,9.536470,-5.267982,42.960571,54.640026,-13.886662,59.671383,75.038841,-12.761700,60.654755,9.328779,6.141757,23.257965,42.432579,1.111478,19.767151,74.421654,-30.153767,95.083496,42.206264,-29.227394,98.265556,9.565869,-18.972073,78.206810,32.146389,-28.130922,97.004425,74.564026
405,3.375000,-0.000067,-0.000057,-0.000627,1.000000,-31.740778,28.846842,40.912434,-59.797443,30.273613,1.572645,-2.238133,28.192749,2.841076,-3.822491,27.422220,79.984810,-61.105061,29.498791,79.251312,-59.786617,30.254492,1.606840,-2.306751,28.216511,2.871816,-3.797226,27.402267,80.021111,-61.072193,29.525763,79.111618,7.136663,23.579184,9.590706,-5.416180,42.770798,54.647724,-14.134171,59.478424,75.057877,-12.959062,60.385902,9.345182,5.962273,23.054680,42.453182,0.986062,19.665173,74.502090,-30.407661,94.850990,42.176441,-29.433399,97.999161,9.530080,-19.250366,77.941742,32.126575,-28.413692,96.797821,74.536865
406,3.383000,-0.000074,-0.000255,-0.000790,1.000000,-31.728750,28.846979,40.898952,-59.769344,30.282297,1.548031,-2.211243,28.182714,2.839306,-3.826421,27.413849,79.982399,-61.107994,29.509062,79.226173,-59.787178,30.255131,1.605266,-2.306679,28.216642,2.873718,-3.800899,27.397547,80.038193,-61.075573,29.525419,79.111961,7.027700,23.326271,9.662715,-5.574182,42.584991,54.669846,-14.332154,59.297390,75.051102,-13.146634,60.133606,9.358295,5.800505,22.865639,42.488079,0.286595,19.015104,74.580414,-30.631546,94.610687,42.141506,-29.620987,97.746445,9.505474,-19.501003,77.708290,32.128735,-28.652742,96.608803,74.511345
407,3.391000,-0.000073,-0.000384,-0.000859,1.000000,-31.716522,28.846052,40.891354,-59.746807,30.285364,1.533225,-2.189323,28.177830,2.839285,-3.824428,27.408949,79.981979,-61.105530,29.512075,79.211029,-59.786285,30.256283,1.604115,-2.306294,28.214571,2.873090,-3.799047,27.396250,80.041809,-61.075737,29.523649,79.109070,6.896848,23.113323,9.693042,-5.769865,42.367970,54.718651,-14.533740,59.090160,75.053696,-13.324252,59.906078,9.351702,5.653164,22.683620,42.545227,0.061841,18.823147,74.620911,-30.849943,94.370369,42.122261,-29.806053,97.509979,9.489286,-19.751316,77.468124,32.135643,-28.961605,96.348846,74.470146
408,3.399000,-0.000057,-0.000453,-0.000877,1.000000,-31.710091,28.845791,40.888977,-59.734863,30.287334,1.527008,-2.177641,28.177732,2.840987,-3.823474,27.406466,79.983421,-61.104393,29.511633,79.204597,-59.787117,30.256075,1.605268,-2.304357,28.217056,2.873310,-3.798367,27.394855,80.043541,-61.076450,29.521864,79.108749,6.730463,22.901903,9.731175,-5.978023,42.153847,54.767818,-14.747129,58.910797,75.060364,-13.517198,59.656464,9.383877,5.488059,22.470375,42.588604,-0.146062,18.657970,74.674606,-31.104740,94.137871,42.104561,-29.986322,97.255775,9.454174,-19.974443,77.248840,32.128529,-29.165035,96.183609,74.429337
409,3.408000,-0.000082,-0.000514,-0.000882,1.000000,-31.702435,28.845081,40.883343,-59.722416,30.284885,1.517895,-2.165371,28.174797,2.838966,-3.820577,27.407488,79.981247,-61.101376,29.513163,79.195358,-59.786427,30.252701,1.589141,-2.304325,28.216066,2.872857,-3.795270,27.397018,80.040253,-61.076122,29.521990,79.109726,6.542726,22.650383,9.803749,-6.141265,41.979626,54.775852,-15.014188,58.695465,75.090477,-13.717535,59.375633,9.386458,5.292490,22.237188,42.636280,-0.385957,18.460855,74.715652,-31.378212,93.850700,42.068378,-30.192656,96.979233,9.432502,-20.230738,76.972908,32.122868,-29.380745,95.952629,74.397942
410,3.416000,-0.000062,-0.000515,-0.000899,1.000000,-31.701464,28.846138,40.884602,-59.721268,30.288532,1.519120,-2.164292,28.176403,2.840298,-3.819788,27.405968,79.982544,-61.100517,29.513657,79.196548,-59.785671,30.255821,1.602366,-2.302458,28.217878,2.871661,-3.794685,27.395538,80.041306,-61.075623,29.522505,79.108780,6.409271,22.396347,9.868236,-6.263238,41.826118,54.796211,-15.230539,58.520107,75.105133,-13.913552,59.141605,9.383926,5.113269,21.994898,42.710892,-0.597164,18.281395,74.758049,-31.615841,93.615601,42.056732,-30.376413,96.719650,9.394861,-20.469183,76.726952,32.110138,-29.611931,95.752151,74.355682
411,3.424000,-0.000065,-0.000489,-0.000885,1.000000,-31.704430,28.845623,40.885754,-59.726311,30.286985,1.521716,-2.169213,28.176445,2.839923,-3.820682,27.406479,79.982254,-61.101509,29.512587,79.199226,-59.785156,30.254728,1.605698,-2.302478,28.217146,2.871011,-3.795812,27.395624,80.041191,-61.075584,29.521963,79.108086,6.239965,22.154745,9.928298,-6.517238,41.593941,54.860569,-15.435226,58.324741,75.110130,-14.104282,58.891350,9.402979,4.938578,21.781202,42.771801,-0.811928,18.098392,74.818924,-31.874878,93.367088,42.016415,-30.544353,96.473419,9.361725,-20.695833,76.488205,32.108418,-29.849457,95.545204,74.327835
412,3.433000,-0.000072,-0.000515,-0.000879,1.000000,-31.701946,28.847057,40.884823,-59.721840,30.287548,1.519337,-2.164784,28.177681,2.840504,-3.820178,27.408779,79.982765,-61.100990,29.514223,79.196777,-59.785698,30.256554,1.604424,-2.303871,28.217278,2.873115,-3.794894,27.398739,80.041695,-61.075836,29.522690,79.107750,6.029777,21.896496,9.981302,-6.682262,41.383392,54.872673,-15.702136,58.080006,75.126793,-14.319682,58.585800,9.416461,4.732703,21.530285,42.830936,-1.051659,17.886606,74.870720,-32.147415,93.076195,41.981503,-30.741570,96.190033,9.343783,-20.948206,76.193962,32.100998,-30.106464,95.296654,74.292068
413,3.441000,-0.000059,-0.000523,-0.000901,1.000000,-31.700718,28.846622,40.884769,-59.719883,30.289301,1.518849,-2.162945,28.176981,2.840930,-3.819665,27.406168,79.983147,-61.100376,29.514042,79.196251,-59.783722,30.255922,1.605750,-2.305117,28.219599,2.871546,-3.794381,27.395636,80.042351,-61.075539,29.522995,79.107513,5.844917,21.664000,10.022965,-6.868495,41.155384,54.910599,-15.936175,57.882397,75.137695,-14.513540,58.323814,9.431023,4.540524,21.292742,42.895130,-1.251474,17.702713,74.908783,-32.390030,92.819565,41.963428,-30.894455,95.954582,9.323997,-21.170513,75.957878,32.094788,-30.340952,95.098694,74.257019
414,3.450000,-0.000142,-0.000428,-0.000946,1.000000,-31.709322,28.841696,40.886665,-59.735870,30.280384,1.525846,-2.178863,28.163061,2.837306,-3.820947,27.405203,79.979965,-61.101616,29.518143,79.203644,-59.784622,30.257771,1.604628,-2.343698,28.196400,2.877567,-3.791960,27.396614,80.042755,-61.075855,29.524988,79.108612,5.646960,21.326593,10.113765,-7.038630,40.959488,54.922382,-16.185751,57.656948,75.154022,-14.730520,58.032936,9.447511,4.319318,21.028774,42.947956,-1.507872,17.486879,74.968124,-32.678368,92.542801,41.945045,-31.090191,95.683861,9.298375,-21.397655,75.667450,32.097477,-30.605974,94.861717,74.228706
415,3.458000,-0.000149,-0.000456,-0.000954,0.999999,-31.706747,28.842375,40.886951,-59.731041,30.281029,1.524529,-2.174148,28.162727,2.839270,-3.820604,27.405914,79.981842,-61.101196,29.519835,79.202255,-59.784084,30.257923,1.604948,-2.337042,28.196218,2.881282,-3.793053,27.397554,80.042854,-61.075256,29.526493,79.109528,5.443624,21.069918,10.144218,-7.261907,40.725323,55.008572,-16.414888,57.431095,75.151840,-14.936230,57.757313,9.470798,4.109917,20.789038,42.990520,-1.745644,17.330631,75.029823,-32.900124,92.264046,41.918156,-31.258335,95.402702,9.260799,-21.611361,75.424599,32.078739,-30.812988,94.612511,74.215042
416,3.466000,-0.000154,-0.000454,-0.000938,1.000000,-31.707399,28.842804,40.887100,-59.731937,30.280197,1.524809,-2.174971,28.163752,2.839276,-3.821015,27.407598,79.981865,-61.101677,29.519674,79.202553,-59.784023,30.257896,1.605639,-2.332815,28.195789,2.882721,-3.793598,27.399353,80.042213,-61.075527,29.526251,79.109062,5.225544,20.821690,10.193012,-7.440428,40.534245,55.011921,-16.647038,57.196026,75.175270,-15.146737,57.491661,9.464176,3.895788,20.534824,43.033138,-1.981952,17.231939,75.088585,-33.118546,92.010101,41.884571,-31.430981,95.148720,9.235401,-21.821672,75.172150,32.078388,-31.045670,94.393997,74.191109
417,3.475000,-0.000132,-0.000386,-0.000916,1.000000,-31.715029,28.841703,40.890301,-59.744991,30.279518,1.531887,-2.187750,28.165642,2.838430,-3.823262,27.406082,79.981209,-61.104118,29.515579,79.209778,-59.782131,30.256418,1.605417,-2.333444,28.198252,2.880889,-3.796103,27.396240,80.042526,-61.074810,29.523912,79.108429,4.980161,20.508171,10.220037,-7.619467,40.296841,55.014133,-16.911238,56.948097,75.202271,-15.378981,57.188530,9.467316,3.648057,20.261526,43.068920,-2.267026,17.177458,75.173462,-33.354015,91.733452,41.849606,-31.638817,94.843063,9.219161,-22.051582,74.883835,32.057041,-31.289381,94.130074,74.167236
418,3.483000,-0.000116,-0.000480,-0.000966,0.999999,-31.705194,28.841740,40.886913,-59.727608,30.283646,1.523289,-2.170837,28.163893,2.840576,-3.820923,27.402050,79.982994,-61.101414,29.517380,79.200882,-59.781582,30.258442,1.605986,-2.332071,28.199678,2.878322,-3.794180,27.393305,80.043503,-61.075836,29.524469,79.109451,4.773643,20.189991,10.267026,-7.755342,40.093563,55.028690,-17.145327,56.729252,75.211189,-15.598130,56.902058,9.485373,3.411998,19.996149,43.120846,-2.525980,17.188557,75.221809,-33.540108,91.475456,41.839809,-31.817223,94.562012,9.188099,-22.253996,74.628731,32.061150,-31.517727,93.876801,74.161499
419,3.491000,-0.000111,-0.000453,-0.000934,1.000000,-31.706429,28.839764,40.887035,-59.731041,30.280251,1.524916,-2.174062,28.164160,2.839106,-3.819963,27.401485,79.981628,-61.100651,29.513165,79.202591,-59.781509,30.258232,1.605998,-2.330975,28.195827,2.882090,-3.792020,27.393187,80.042236,-61.074776,29.519787,79.108292,4.530325,19.898090,10.323110,-7.990377,39.856281,55.091690,-17.375004,56.470306,75.194534,-15.810426,56.625305,9.492935,3.157895,19.719187,43.167847,-2.729053,17.238548,75.236404,-33.716923,91.242432,41.832508,-31.983944,94.281380,9.158650,-22.459105,74.355713,32.081203,-31.739368,93.639786,74.150421
420,3.500000,-0.000103,-0.000471,-0.001004,0.999999,-31.704987,28.841146,40.888023,-59.727989,30.286165,1.524931,-2.171352,28.162077,2.841142,-3.820127,27.398359,79.983582,-61.100471,29.517994,79.202530,-59.780575,30.261883,1.604405,-2.326281,28.196209,2.882578,-3.792959,27.389612,80.043343,-61.074974,29.525068,79.110893,4.246386,19.567421,10.355023,-8.175364,39.626926,55.122112,-17.633911,56.196232,75.218559,-16.044275,56.298370,9.515420,2.872968,19.397884,43.203907,-2.968323,17.219862,75.255196,-33.892696,90.948090,41.824734,-32.193981,93.965225,9.141434,-22.698011,74.063232,32.070606,-31.985241,93.345222,74.145027
421,3.508000,-0.000110,-0.000502,-0.000981,0.999999,-31.699949,28.839621,40.888054,-59.720551,30.282822,1.523176,-2.163899,28.161312,2.843040,-3.817478,27.398643,79.985390,-61.097874,29.515717,79.200706,-59.781910,30.260464,1.605651,-2.318323,28.192982,2.882594,-3.790071,27.390686,80.046303,-61.072411,29.521984,79.109253,3.974178,19.258661,10.398473,-8.307157,39.428867,55.114574,-17.877939,55.948494,75.235970,-16.243258,56.001907,9.534184,2.608957,19.076946,43.227325,-3.153215,17.178219,75.274651,-34.045704,90.740349,41.820271,-32.374985,93.682358,9.142754,-22.907871,73.786072,32.067299,-32.208614,93.084152,74.147293
422,3.516000,-0.000170,-0.000387,-0.001024,0.999999,-31.706747,28.836546,40.886536,-59.736317,30.277437,1.527968,-2.179545,28.151173,2.834779,-3.815368,27.397856,79.977592,-61.095764,29.519726,79.205902,-59.780739,30.260008,1.605739,-2.330673,28.178019,2.853145,-3.785165,27.390343,80.044312,-61.071903,29.525549,79.109467,3.653632,18.819479,10.366492,-8.404120,39.271896,55.130642,-18.120592,55.654343,75.242790,-16.444748,55.713707,9.541352,2.432838,18.844242,43.204845,-3.300808,17.117220,75.263504,-34.165390,90.474686,41.799141,-32.543682,93.384697,9.108426,-23.117498,73.493912,32.079681,-32.412552,92.818886,74.142700
423,3.524000,-0.000157,-0.000439,-0.001054,0.999999,-31.701746,28.834957,40.884132,-59.727119,30.278519,1.522666,-2.170608,28.148819,2.835435,-3.814536,27.393612,79.978073,-61.094727,29.518885,79.200447,-59.781826,30.261522,1.606985,-2.338431,28.176319,2.847664,-3.786755,27.387089,80.044113,-61.070747,29.523701,79.109726,3.183624,18.323736,10.325069,-8.472240,39.130600,55.096775,-18.361273,55.392467,75.243942,-16.643349,55.433357,9.542947,1.915650,18.323860,43.115490,-3.412033,17.034678,75.231804,-34.299511,90.256271,41.792400,-32.719090,93.084892,9.081566,-23.343254,73.211845,32.085693,-32.626526,92.539093,74.149414
424,3.533000,-0.000145,-0.000401,-0.001022,0.999999,-31.703335,28.838821,40.885677,-59.731747,30.281576,1.526353,-2.175009,28.155500,2.834758,-3.813103,27.398283,79.977486,-61.093487,29.519939,79.204216,-59.779518,30.262310,1.605392,-2.308464,28.183022,2.849550,-3.784300,27.390268,80.041588,-61.070747,29.526360,79.110901,2.823055,17.954552,10.328650,-8.681143,38.941132,55.066414,-18.638126,55.051601,75.266670,-16.859766,55.109833,9.571180,1.644388,18.011539,43.180618,-3.485974,16.923096,75.198921,-34.425049,90.003799,41.787453,-32.922779,92.780411,9.078608,-23.599077,72.873962,32.093941,-32.869373,92.243263,74.162361
425,3.541000,-0.000133,-0.000403,-0.000994,0.999999,-31.701582,28.840506,40.885521,-59.729946,30.282610,1.526135,-2.173096,28.159693,2.834684,-3.811401,27.400616,79.977386,-61.091892,29.519112,79.203972,-59.779366,30.261282,1.605607,-2.282307,28.187016,2.855737,-3.783326,27.391634,80.037079,-61.069702,29.526646,79.110512,2.452297,17.740576,10.355471,-8.879336,38.725807,55.085461,-18.894876,54.757488,75.286018,-17.041449,54.826641,9.574966,1.524720,17.868376,43.206161,-3.511139,16.817211,75.183456,-34.527882,89.778709,41.776844,-33.081005,92.464569,9.060292,-23.821337,72.585838,32.106647,-33.060829,91.976280,74.170807
426,3.549000,-0.000093,-0.000279,-0.000929,1.000000,-31.712944,28.844109,40.893669,-59.751236,30.285728,1.541331,-2.193779,28.170263,2.835467,-3.812903,27.404707,79.978523,-61.093861,29.515743,79.219452,-59.779613,30.262333,1.604807,-2.288667,28.198877,2.871076,-3.780246,27.391142,80.036873,-61.068977,29.528097,79.110023,2.063713,17.555101,10.381885,-9.061691,38.484581,55.117966,-19.153097,54.479660,75.296906,-17.210272,54.536819,9.592674,1.469941,17.732946,43.235050,-3.507831,16.691811,75.185257,-34.643791,89.549431,41.765640,-33.240662,92.190056,9.059255,-24.037746,72.264214,32.095959,-33.254200,91.703331,74.170448
427,3.558000,-0.000096,-0.000365,-0.000947,1.000000,-31.704981,28.845528,40.888882,-59.736450,30.287910,1.531708,-2.179292,28.170305,2.835765,-3.811714,27.405367,79.978546,-61.092472,29.518536,79.209602,-59.780724,30.259953,1.607027,-2.291665,28.204308,2.876587,-3.782315,27.393288,80.036392,-61.067402,29.529095,79.109978,1.530051,17.318340,10.442693,-9.219851,38.226067,55.186878,-19.443890,54.128109,75.303185,-17.417326,54.188652,9.618439,1.513925,17.624121,43.278114,-3.462378,16.573711,75.198494,-34.764172,89.271187,41.772655,-33.434330,91.843544,9.034410,-24.273958,71.947807,32.099239,-33.468781,91.409042,74.172089
428,3.566000,-0.000121,-0.000344,-0.000954,1.000000,-31.706270,28.843706,40.890285,-59.739391,30.284527,1.534227,-2.182200,28.166222,2.835947,-3.811362,27.405094,79.978851,-61.092125,29.518990,79.212219,-59.778126,30.260090,1.605550,-2.292847,28.196716,2.877183,-3.780752,27.393463,80.037567,-61.066620,29.529085,79.109245,1.094129,17.087124,10.474776,-9.372376,38.019768,55.231846,-19.717772,53.853054,75.310623,-17.587872,53.884529,9.645761,1.622076,17.586092,43.299995,-3.384640,16.471994,75.245514,-34.876549,89.061409,41.787796,-33.610901,91.550102,9.024954,-24.481537,71.638176,32.104565,-33.651329,91.149353,74.154572
429,3.575000,-0.000128,0.000055,-0.000710,1.000000,-31.723469,28.843367,40.924488,-59.788692,30.269947,1.590809,-2.229458,28.179758,2.846605,-3.796673,27.418922,79.990784,-61.079060,29.504845,79.269859,-59.777641,30.258146,1.605618,-2.292073,28.193401,2.873239,-3.751342,27.404924,80.032547,-61.065983,29.528622,79.109116,0.641023,16.835192,10.478930,-9.546071,37.810852,55.249603,-20.041342,53.521103,75.334511,-17.805517,53.537910,9.670067,1.777510,17.555561,43.339428,-3.269616,16.360443,75.334793,-35.008312,88.767853,41.775902,-33.804214,91.217644,9.013706,-24.718180,71.306587,32.124908,-33.858707,90.849648,74.151520
430,3.583000,-0.000148,0.000288,-0.000670,1.000000,-31.716717,28.848484,40.941246,-59.800362,30.271275,1.620576,-2.240378,28.185692,2.849665,-3.771627,27.427811,79.994598,-61.054504,29.509167,79.300247,-59.777695,30.259970,1.605378,-2.296325,28.192673,2.876733,-3.724293,27.420399,80.028191,-61.059917,29.529104,79.116425,0.256588,16.644352,10.518100,-9.668546,37.671814,55.237221,-20.303049,53.201096,75.335388,-18.003120,53.234268,9.690226,1.908725,17.535257,43.369263,-3.115277,16.296907,75.409943,-35.148655,88.534927,41.771770,-33.977325,90.938858,9.018631,-24.921913,71.015198,32.115532,-34.028427,90.594238,74.147614
431,3.591000,-0.000187,0.000369,-0.000624,1.000000,-31.711966,28.852037,40.943958,-59.802139,30.269190,1.627749,-2.241764,28.189028,2.847630,-3.760388,27.436966,79.992867,-61.043571,29.512972,79.307686,-59.777527,30.260313,1.607254,-2.295298,28.194145,2.876700,-3.715609,27.431566,80.021095,-61.050735,29.528418,79.121910,-0.062319,16.532122,10.575274,-9.807101,37.520237,55.226887,-20.614136,52.916111,75.348816,-18.245600,52.910053,9.709200,2.060909,17.526161,43.415615,-2.952454,16.230032,75.488441,-35.275356,88.261971,41.750942,-34.149025,90.640350,8.994154,-25.131935,70.729568,32.119080,-34.199795,90.345085,74.145340
432,3.600000,-0.000180,0.000219,-0.000616,1.000000,-31.717813,28.851683,40.937531,-59.796165,30.268986,1.612893,-2.236140,28.189711,2.850070,-3.777972,27.436464,79.994835,-61.060978,29.511578,79.292427,-59.778004,30.260029,1.607529,-2.298197,28.197109,2.879420,-3.732055,27.428787,80.033073,-61.046749,29.527187,79.125832,-0.473466,16.451443,10.685112,-9.946900,37.311546,55.250759,-20.960253,52.579033,75.358353,-18.579262,52.530323,9.704943,2.247090,17.519501,43.475918,-2.706821,16.191563,75.554161,-35.434990,88.007889,41.737946,-34.339638,90.303673,8.968232,-25.367043,70.380112,32.123249,-34.400566,90.053520,74.134247
433,3.608000,-0.000160,0.000029,-0.000674,1.000000,-31.718081,28.849899,40.921608,-59.781380,30.271923,1.586393,-2.222061,28.185982,2.845287,-3.793192,27.429985,79.989426,-61.075687,29.511715,79.265419,-59.777866,30.261433,1.607304,-2.296143,28.200987,2.879876,-3.744637,27.415359,80.045364,-61.051868,29.527664,79.120811,-0.780872,16.421185,10.745901,-10.086168,37.138515,55.296440,-21.262133,52.304237,75.377426,-18.848318,52.203091,9.720957,2.425178,17.541292,43.528019,-2.503555,16.134872,75.607040,-35.555279,87.741714,41.730339,-34.514458,90.036720,8.965735,-25.577126,70.091347,32.114826,-34.579971,89.827194,74.121162
434,3.616000,-0.000132,-0.000017,-0.000715,1.000000,-31.720871,28.847757,40.920204,-59.780441,30.274307,1.582488,-2.221417,28.183525,2.846551,-3.799686,27.423344,79.990509,-61.081940,29.509857,79.261360,-59.777397,30.261602,1.605515,-2.296082,28.201357,2.879006,-3.746833,27.405310,80.051453,-61.060314,29.529297,79.113464,-1.102514,16.363165,10.810070,-10.228081,36.962185,55.341183,-21.578493,52.029449,75.407715,-19.187593,51.822567,9.741759,2.636722,17.609835,43.569141,-2.263692,16.110676,75.652245,-35.710125,87.514244,41.718708,-34.669857,89.768326,8.953432,-25.802118,69.790558,32.123150,-34.749535,89.573647,74.130348
435,3.625000,-0.000067,-0.000107,-0.000821,1.000000,-31.720293,28.843945,40.912731,-59.772419,30.281561,1.570114,-2.214071,28.178417,2.844357,-3.806508,27.408527,79.987923,-61.088181,29.507278,79.248634,-59.778625,30.263891,1.607132,-2.296026,28.201845,2.875792,-3.758037,27.389664,80.056038,-61.064541,29.525608,79.110229,-1.409208,16.403236,10.849090,-10.380642,36.783688,55.375648,-21.899027,51.704807,75.413528,-19.596933,51.422531,9.742126,2.885051,17.703646,43.600666,-2.016652,16.061054,75.698853,-35.890961,87.217476,41.709538,-34.868652,89.452164,8.941083,-26.067301,69.443840,32.135590,-34.927975,89.303467,74.113907
436,3.633000,-0.000007,-0.000267,-0.001047,0.999999,-31.712198,28.839451,40.903019,-59.751095,30.294430,1.551613,-2.194109,28.165133,2.844000,-3.811559,27.386766,79.986954,-61.092037,29.511482,79.229614,-59.778149,30.263716,1.607428,-2.296136,28.203175,2.876533,-3.772108,27.367649,80.056396,-61.066391,29.529062,79.110916,-1.718814,16.366404,10.897063,-10.537186,36.650143,55.400478,-22.180531,51.444672,75.429024,-19.936007,51.067841,9.751383,3.157966,17.853794,43.633461,-1.786393,16.039156,75.716934,-36.071846,86.969841,41.716602,-35.038124,89.162361,8.917820,-26.286406,69.147072,32.120140,-35.097794,89.051857,74.113716
437,3.641000,0.000073,-0.000565,-0.001358,0.999999,-31.690832,28.831715,40.890869,-59.705387,30.310488,1.523009,-2.150521,28.145123,2.849311,-3.814375,27.355368,79.991173,-61.093056,29.515890,79.200081,-59.777405,30.262630,1.607021,-2.296387,28.203901,2.875714,-3.787797,27.341011,80.054245,-61.067219,29.528507,79.109077,-1.934874,16.376495,10.939405,-10.649837,36.545361,55.400352,-22.445374,51.201397,75.426064,-20.302040,50.699234,9.773287,3.462263,18.054283,43.700027,-1.537275,16.033752,75.739494,-36.235123,86.707840,41.694103,-35.195263,88.912086,8.911798,-26.499329,68.852989,32.118649,-35.255386,88.817093,74.087753
438,3.649000,0.000145,-0.000375,-0.001303,0.999999,-31.719309,28.825653,40.905106,-59.748917,30.306963,1.548055,-2.193302,28.147804,2.852273,-3.827894,27.346792,79.994652,-61.107124,29.501060,79.225540,-59.778763,30.261887,1.605404,-2.295552,28.203959,2.874985,-3.803874,27.321541,80.061661,-61.069115,29.527054,79.108177,-2.059546,16.459087,10.994838,-10.796176,36.390038,55.395138,-22.677803,50.934376,75.431847,-20.698366,50.361401,9.761876,3.674395,18.170244,43.768890,-1.267116,16.042118,75.772842,-36.414413,86.450905,41.685612,-35.363876,88.641846,8.905930,-26.718908,68.550179,32.128227,-35.422424,88.582619,74.077263
439,3.658000,0.000188,-0.000319,-0.001232,0.999999,-31.735844,28.821400,40.921120,-59.770073,30.302092,1.567343,-2.214012,28.151031,2.864927,-3.839841,27.343161,80.007408,-61.119453,29.489323,79.244904,-59.779877,30.263048,1.605500,-2.298039,28.204775,2.874293,-3.820768,27.308989,80.083351,-61.068081,29.527828,79.108719,-2.173184,16.480402,11.092868,-10.958035,36.227501,55.405243,-22.933390,50.631058,75.452309,-21.135426,49.967747,9.770470,3.912076,18.295305,43.819206,-0.960869,16.062353,75.808334,-36.618336,86.179588,41.657536,-35.547199,88.346031,8.889356,-26.965750,68.219902,32.113823,-35.592457,88.311241,74.050339
440,3.666000,0.000015,0.000198,-0.000675,1.000000,-31.725061,28.845003,40.935970,-59.801628,30.280939,1.610714,-2.241889,28.194395,2.849469,-3.787002,27.411274,79.993881,-61.069733,29.493416,79.289917,-59.780441,30.259865,1.606147,-2.296384,28.208157,2.874030,-3.746933,27.398788,80.026215,-61.068680,29.527546,79.109734,-2.140817,16.520739,11.163592,-11.108109,36.065861,55.421619,-23.148260,50.368248,75.454712,-21.525059,49.632931,9.765765,4.104389,18.426199,43.808949,-0.672942,16.097832,75.836525,-36.780132,85.904327,41.641533,-35.704292,88.099274,8.871975,-27.190083,67.936493,32.102047,-35.747490,88.086609,74.041351
441,3.674000,-0.000308,0.000346,-0.000422,1.000000,-31.701139,28.864407,40.912029,-59.790115,30.260759,1.594219,-2.228961,28.204090,2.817187,-3.750751,27.470020,79.962532,-61.034740,29.522770,79.274277,-59.781487,30.258121,1.607589,-2.297236,28.206903,2.872534,-3.706162,27.467314,79.974442,-61.059525,29.528910,79.116646,-2.030704,16.544304,11.204195,-11.277746,35.916172,55.421680,-23.344343,50.106152,75.440445,-21.887936,49.327099,9.744519,4.301814,18.595631,43.788860,-0.380721,16.150230,75.856705,-36.980976,85.661865,41.615791,-35.850857,87.831810,8.849870,-27.413359,67.631851,32.086296,-35.900341,87.839417,74.018387
442,3.683000,-0.000353,0.000419,-0.000370,1.000000,-31.693577,28.868412,40.904240,-59.788418,30.258289,1.590383,-2.226862,28.207762,2.805171,-3.737366,27.480459,79.950806,-61.021675,29.527149,79.270683,-59.781437,30.257925,1.606853,-2.297857,28.209568,2.867769,-3.692944,27.478859,79.957718,-61.054779,29.529730,79.119354,-1.818719,16.566845,11.208839,-11.453888,35.767136,55.398552,-23.578581,49.824539,75.439163,-22.315165,48.981827,9.736043,4.505071,18.786413,43.793045,-0.085414,16.194021,75.882217,-37.190567,85.361137,41.605232,-36.026943,87.577316,8.839886,-27.718935,67.304443,32.069935,-36.081318,87.581985,74.001930
443,3.691000,-0.000332,0.000360,-0.000417,1.000000,-31.700716,28.865475,40.906696,-59.790779,30.259586,1.589575,-2.229562,28.203613,2.811086,-3.749251,27.473310,79.956512,-61.033279,29.525393,79.269707,-59.783195,30.258522,1.606339,-2.301184,28.206799,2.868592,-3.707464,27.471027,79.966209,-61.056679,29.529470,79.119041,-1.592140,16.537060,11.188581,-11.607046,35.623142,55.379250,-23.795839,49.585922,75.433769,-22.702389,48.671551,9.715587,4.697619,18.947771,43.798111,0.193163,16.278391,75.902824,-37.388184,85.109421,41.606148,-36.172356,87.308189,8.821599,-27.956972,66.993248,32.057880,-36.235447,87.350060,73.979454
444,3.700000,-0.000301,0.000273,-0.000404,1.000000,-31.708809,28.863487,40.910236,-59.792076,30.259359,1.588339,-2.231029,28.204769,2.819708,-3.764090,27.469576,79.964813,-61.048042,29.520252,79.268196,-59.784157,30.256918,1.605059,-2.302066,28.210423,2.870692,-3.721613,27.465530,79.979782,-61.060951,29.527542,79.116653,-1.258280,16.461460,11.176765,-11.781569,35.455353,55.369930,-24.011425,49.292385,75.391052,-23.071898,48.349365,9.703634,4.881590,19.098188,43.803162,0.452013,16.360950,75.923073,-37.592842,84.834915,41.591206,-36.351982,87.037659,8.813204,-28.250563,66.685974,32.053825,-36.399220,87.078522,73.966812
445,3.708000,-0.000305,0.000258,-0.000380,1.000000,-31.711691,28.864761,40.911682,-59.793865,30.258921,1.588941,-2.232760,28.207150,2.822027,-3.768060,27.472555,79.967094,-61.052086,29.520428,79.268768,-59.786179,30.257261,1.605788,-2.301342,28.211140,2.871324,-3.723028,27.469318,79.983833,-61.064045,29.525562,79.114243,-0.850683,16.482698,11.136466,-11.942143,35.260960,55.388092,-24.222670,49.051838,75.390480,-23.412004,48.066185,9.688010,5.036395,19.263144,43.805824,0.655323,16.432821,75.932350,-37.763779,84.563911,41.569855,-36.487659,86.817139,8.803938,-28.490231,66.401649,32.019665,-36.545013,86.848473,73.942833
446,3.716000,-0.000310,0.000254,-0.000374,1.000000,-31.713814,28.866699,40.912289,-59.795677,30.260170,1.589304,-2.234560,28.209051,2.822885,-3.770489,27.475178,79.967941,-61.054535,29.522408,79.269119,-59.788174,30.258802,1.606071,-2.301389,28.212437,2.871332,-3.724127,27.472221,79.985390,-61.066067,29.526758,79.114128,-0.429853,16.428041,11.109447,-12.134233,35.080753,55.393284,-24.437437,48.796803,75.398949,-23.688593,47.792873,9.669292,5.160946,19.413422,43.798092,0.867327,16.527279,75.936699,-37.947651,84.333191,41.548565,-36.640816,86.567513,8.788005,-28.751081,66.112671,32.015450,-36.680733,86.610123,73.934174
447,3.725000,-0.000316,0.000271,-0.000334,1.000000,-31.713196,28.868040,40.912296,-59.796513,30.258774,1.590249,-2.235183,28.212339,2.821901,-3.768429,27.479240,79.967018,-61.052670,29.521816,79.270126,-59.789597,30.257406,1.607075,-2.302572,28.215855,2.871863,-3.723213,27.476311,79.983147,-61.065788,29.526367,79.114647,0.088573,16.486471,11.053129,-12.305250,34.904610,55.377502,-24.684593,48.480133,75.402435,-23.947308,47.492615,9.666800,5.275371,19.567581,43.788223,1.092166,16.633432,75.933823,-38.132511,84.045204,41.532158,-36.811043,86.303398,8.761883,-29.086409,65.784500,31.997786,-36.844288,86.369690,73.912781
448,3.733000,-0.000322,0.000260,-0.000328,1.000000,-31.714737,28.868521,40.912201,-59.797180,30.258453,1.589504,-2.235863,28.212687,2.822468,-3.770831,27.480516,79.967560,-61.055077,29.522430,79.269363,-59.789570,30.256760,1.606181,-2.303262,28.216644,2.871052,-3.725287,27.477211,79.984726,-61.066265,29.527563,79.116341,0.576981,16.528017,10.996861,-12.464400,34.736263,55.347454,-24.892702,48.231300,75.391212,-24.158501,47.245716,9.680609,5.361708,19.707687,43.778301,1.240959,16.692989,75.921127,-38.321964,83.812706,41.523376,-36.961384,86.048904,8.753619,-29.357199,65.501678,31.987000,-36.976257,86.148598,73.911163
449,3.741000,-0.000114,0.000125,-0.000475,1.000000,-31.733141,28.855089,40.923904,-59.804504,30.269623,1.594174,-2.244127,28.206392,2.841905,-3.800246,27.442635,79.986259,-61.083698,29.501713,79.273376,-59.788574,30.255737,1.606852,-2.304738,28.219021,2.871273,-3.762118,27.430252,80.018440,-61.066620,29.526421,79.115868,1.086501,16.642462,10.983219,-12.623556,34.575130,55.352329,-25.079018,47.995422,75.374374,-24.344618,47.009796,9.681055,5.419984,19.830997,43.771561,1.485659,16.860407,75.924110,-38.508610,83.592529,41.536652,-37.109924,85.833153,8.760380,-29.629284,65.235107,31.993181,-37.107773,85.943703,73.909851
450,3.750000,-0.000097,-0.000036,-0.000620,1.000000,-31.733482,28.849585,40.909222,-59.791790,30.273611,1.570511,-2.232406,28.193661,2.836683,-3.813556,27.427689,79.980530,-61.096180,29.503384,79.249275,-59.790623,30.254381,1.605402,-2.303753,28.216509,2.873025,-3.774898,27.407852,80.028801,-61.069561,29.525429,79.112946,1.618075,16.795483,10.957175,-12.813550,34.369492,55.352028,-25.288647,47.740177,75.364960,-24.556328,46.770554,9.674383,5.482130,19.959408,43.778557,1.570241,16.909113,75.916878,-38.703327,83.319626,41.538105,-37.257160,85.598656,8.769422,-29.980558,64.944473,31.991837,-37.273022,85.710236,73.911652
451,3.758000,-0.000037,0.000086,-0.000524,1.000000,-31.740316,28.849279,40.926342,-59.808495,30.272652,1.594660,-2.248415,28.203630,2.846521,-3.810579,27.428045,79.990646,-61.093777,29.492798,79.273636,-59.792728,30.254513,1.605031,-2.304731,28.217733,2.874223,-3.773945,27.414120,80.022575,-61.073845,29.523727,79.110641,2.066702,16.990767,10.913737,-12.971608,34.176861,55.344273,-25.471460,47.525131,75.350845,-24.729836,46.585064,9.664408,5.517734,20.046751,43.780170,1.604211,16.951618,75.916794,-38.885765,83.109108,41.535496,-37.411846,85.358292,8.753667,-30.255842,64.680969,31.970007,-37.387085,85.499405,73.899139
452,3.766000,-0.000103,-0.000003,-0.000549,1.000000,-31.731955,28.850864,40.907845,-59.793056,30.270437,1.570967,-2.233297,28.198683,2.833366,-3.809252,27.433401,79.977318,-61.092216,29.500950,79.249825,-59.792538,30.255259,1.604678,-2.289945,28.215881,2.861249,-3.770105,27.416590,80.022064,-61.072296,29.521465,79.110634,2.478899,17.187136,10.898496,-13.119599,34.024654,55.325203,-25.636881,47.325665,75.331596,-24.895945,46.398594,9.663413,5.557771,20.140985,43.777069,1.620143,16.991217,75.913200,-39.058609,82.910553,41.523586,-37.554897,85.154831,8.741797,-30.518213,64.458160,31.966007,-37.516289,85.291443,73.887367
453,3.774000,-0.000137,0.000001,-0.000572,1.000000,-31.730179,28.850666,40.900646,-59.791588,30.268824,1.563942,-2.231914,28.194513,2.825937,-3.807172,27.434603,79.969955,-61.090046,29.504732,79.242859,-59.792797,30.254513,1.604033,-2.285509,28.211281,2.846110,-3.769432,27.418840,80.017784,-61.074276,29.522598,79.111877,2.919120,17.411543,10.874393,-13.269293,33.881878,55.309219,-25.809240,47.099545,75.323257,-25.075575,46.166306,9.672327,5.588822,20.243349,43.781799,1.624102,17.033722,75.914040,-39.228237,82.687401,41.510201,-37.681786,84.944496,8.740404,-30.777718,64.227242,31.971035,-37.644699,85.092567,73.881401
454,3.783000,-0.000163,-0.000052,-0.000590,1.000000,-31.728672,28.850021,40.889465,-59.785854,30.267195,1.549709,-2.226391,28.190863,2.817914,-3.809855,27.434937,79.961800,-61.092590,29.507103,79.228531,-59.793491,30.250471,1.588308,-2.287542,28.211006,2.841867,-3.771714,27.418545,80.015518,-61.073978,29.523500,79.111534,3.336428,17.636820,10.873051,-13.415270,33.717712,55.301178,-25.981083,46.876484,75.334618,-25.250038,45.946018,9.665208,5.614398,20.357302,43.790844,1.616359,17.093178,75.922890,-39.422783,82.448578,41.496368,-37.842533,84.717415,8.745604,-31.067917,63.967850,31.944376,-37.786247,84.862778,73.873726
455,3.791000,-0.000079,0.000007,-0.000517,1.000000,-31.733768,28.850698,40.908875,-59.795784,30.270353,1.572660,-2.235866,28.202225,2.833754,-3.810161,27.433157,79.977699,-61.093269,29.497068,79.251495,-59.792606,30.253744,1.600168,-2.292920,28.221569,2.861079,-3.771704,27.414312,80.019058,-61.074150,29.522858,79.110222,3.805152,17.983194,10.870874,-13.556907,33.581116,55.286694,-26.165762,46.668442,75.344727,-25.434797,45.758228,9.653768,5.642454,20.463634,43.800343,1.616337,17.178225,75.929291,-39.589180,82.269127,41.509037,-37.993912,84.517097,8.738515,-31.356695,63.725727,31.946070,-37.917282,84.668610,73.870453
456,3.799000,-0.000017,0.000098,-0.000489,1.000000,-31.738716,28.850082,40.926704,-59.807980,30.273035,1.595783,-2.247724,28.207991,2.846122,-3.807905,27.429264,79.990257,-61.091255,29.490046,79.274765,-59.795017,30.252522,1.590154,-2.299964,28.220951,2.874393,-3.769140,27.416103,80.022247,-61.073059,29.522684,79.111656,4.308779,18.385588,10.944304,-13.689354,33.438763,55.267643,-26.337273,46.448387,75.345764,-25.620070,45.580360,9.627596,5.652880,20.562290,43.786613,1.598223,17.247246,75.942413,-39.751236,82.088562,41.502464,-38.105087,84.337791,8.736360,-31.609720,63.514606,31.947332,-38.048901,84.493591,73.858185
457,3.808000,-0.000017,0.000145,-0.000516,1.000000,-31.738937,28.849840,40.934013,-59.811771,30.274300,1.605693,-2.251512,28.206135,2.850699,-3.804576,27.427526,79.994980,-61.087887,29.491409,79.284790,-59.794563,30.255541,1.601397,-2.303195,28.217169,2.878294,-3.767738,27.416389,80.024078,-61.069286,29.522266,79.113655,4.720548,18.719439,10.982642,-13.829681,33.277954,55.235130,-26.506138,46.208920,75.326553,-25.804325,45.395927,9.613380,5.668863,20.676634,43.766876,1.573167,17.305134,75.953049,-39.936203,81.875786,41.487495,-38.260601,84.101082,8.724917,-31.901375,63.270370,31.938448,-38.182999,84.271202,73.842224
458,3.816000,-0.000039,0.000147,-0.000520,1.000000,-31.737783,28.851587,40.931164,-59.810753,30.274578,1.602885,-2.250502,28.206018,2.847767,-3.803295,27.430729,79.992088,-61.086594,29.495031,79.282021,-59.794765,30.255669,1.602872,-2.303732,28.218323,2.875401,-3.765633,27.418285,80.022858,-61.068058,29.526556,79.115639,4.976537,18.965984,10.982498,-13.955440,33.174206,55.232227,-26.654530,46.042953,75.324654,-25.952709,45.215561,9.599941,5.699239,20.784065,43.758671,1.551994,17.346664,75.957336,-40.104885,81.670242,41.476284,-38.385601,83.934258,8.721108,-32.134827,63.061966,31.918196,-38.292076,84.090729,73.824089
459,3.825000,-0.000043,0.000129,-0.000537,1.000000,-31.737572,28.852098,40.926304,-59.809101,30.275663,1.597020,-2.248961,28.205172,2.843955,-3.804511,27.430672,79.988220,-61.087715,29.496899,79.276123,-59.795116,30.257580,1.597803,-2.305009,28.218285,2.872781,-3.764817,27.417351,80.022003,-61.067951,29.527134,79.114708,5.224508,19.267939,10.961919,-14.084551,33.049236,55.232857,-26.850965,45.829838,75.321159,-26.123207,45.017475,9.596860,5.717347,20.908218,43.755589,1.488870,17.369722,75.977882,-40.312744,81.460907,41.454906,-38.518627,83.722397,8.728519,-32.387959,62.845169,31.902874,-38.412025,83.908417,73.802284
460,3.833000,-0.000060,0.000112,-0.000586,1.000000,-31.738127,28.850323,40.924473,-59.808231,30.275314,1.594213,-2.248326,28.199244,2.843112,-3.806490,27.427471,79.987358,-61.089470,29.499271,79.273300,-59.796082,30.258236,1.597830,-2.305596,28.212923,2.872431,-3.766184,27.413586,80.022690,-61.069019,29.528355,79.114906,5.404269,19.551464,10.943238,-14.207511,32.937389,55.228542,-27.019632,45.632011,75.303635,-26.262951,44.845165,9.589202,5.737937,21.030779,43.762077,1.450724,17.403809,75.976646,-40.487801,81.281677,41.442444,-38.635410,83.539162,8.736574,-32.620644,62.649166,31.906021,-38.502701,83.733246,73.775772
461,3.841000,-0.000028,0.000137,-0.000595,1.000000,-31.738911,28.849155,40.927326,-59.810913,30.277187,1.598534,-2.250987,28.199915,2.844480,-3.805384,27.423281,79.988754,-61.088360,29.496244,79.277634,-59.799664,30.258968,1.595908,-2.304885,28.212505,2.873683,-3.765425,27.410389,80.022278,-61.068207,29.526770,79.113411,5.535828,19.825804,10.905725,-14.331338,32.836891,55.216915,-27.177391,45.457317,75.288498,-26.391035,44.676197,9.574506,5.752603,21.138367,43.757015,1.420445,17.429165,75.955177,-40.667534,81.070473,41.453094,-38.740677,83.375504,8.741626,-32.831379,62.448086,31.890291,-38.599926,83.562912,73.737175
462,3.850000,-0.000039,0.000112,-0.000601,1.000000,-31.737980,28.849960,40.923107,-59.807968,30.277449,1.592863,-2.248138,28.199533,2.841765,-3.806445,27.424625,79.985977,-61.089359,29.498238,79.271912,-59.800465,30.259949,1.595320,-2.301921,28.213310,2.871497,-3.766641,27.410538,80.020866,-61.067711,29.528090,79.114082,5.674350,20.105595,10.871732,-14.440039,32.750546,55.193478,-27.330515,45.298923,75.267464,-26.549450,44.471123,9.570005,5.760241,21.253521,43.746216,1.395565,17.472319,75.881134,-40.894978,80.848686,41.462608,-38.874588,83.182976,8.740995,-33.076691,62.210609,31.890606,-38.711922,83.384071,73.709526
463,3.858000,-0.000000,0.000169,-0.000604,1.000000,-31.738367,28.849840,40.927654,-59.812855,30.280575,1.600733,-2.252895,28.202185,2.842885,-3.802368,27.421284,79.987221,-61.085354,29.495325,79.279877,-59.802269,30.261044,1.592549,-2.300763,28.213341,2.870718,-3.765601,27.409920,80.015900,-61.067112,29.527342,79.112526,5.772821,20.267700,10.876093,-14.530535,32.652473,55.176865,-27.449974,45.173077,75.251038,-26.690582,44.295509,9.567170,5.763363,21.345795,43.740578,1.376664,17.522371,75.793221,-41.087803,80.672127,41.452160,-38.959293,83.021461,8.743013,-33.269386,62.026001,31.893345,-38.808556,83.219711,73.688545
464,3.866000,-0.000006,0.000161,-0.000584,1.000000,-31.738932,28.849449,40.926796,-59.812855,30.278603,1.599416,-2.252832,28.202572,2.842498,-3.803489,27.422464,79.986816,-61.086548,29.494167,79.278549,-59.806633,30.257467,1.591100,-2.301220,28.215261,2.871447,-3.764964,27.409401,80.018021,-61.066292,29.528566,79.113289,5.838298,20.436296,10.863940,-14.642605,32.557301,55.174988,-27.588909,45.008381,75.236115,-26.819252,44.127277,9.561488,5.776289,21.450251,43.738472,1.308874,17.540609,75.757683,-41.283463,80.482025,41.434345,-39.074455,82.847527,8.741438,-33.429913,61.856342,31.909132,-38.895016,83.068268,73.655045
465,3.875000,-0.000227,0.000211,-0.000465,1.000000,-31.727791,28.858162,40.907097,-59.805996,30.263292,1.581910,-2.245358,28.201506,2.820134,-3.788099,27.455050,79.964935,-61.071716,29.512804,79.261505,-59.809608,30.257595,1.590499,-2.301660,28.211355,2.873373,-3.735942,27.445326,79.990234,-61.065819,29.527271,79.114220,5.862672,20.616541,10.844825,-14.734423,32.444664,55.197334,-27.672403,44.860245,75.187233,-26.978361,43.930859,9.570795,5.774760,21.576668,43.737125,1.203863,17.550301,75.705307,-41.514244,80.244720,41.423107,-39.177094,82.709549,8.764010,-33.630199,61.654335,31.902508,-38.980324,82.913200,73.612221
466,3.883000,-0.000287,0.000225,-0.000425,1.000000,-31.726408,28.862864,40.898636,-59.805824,30.261030,1.574069,-2.244988,28.203979,2.810928,-3.785512,27.466673,79.955864,-61.069309,29.519781,79.253784,-59.810150,30.258461,1.587935,-2.302667,28.209492,2.871750,-3.731769,27.460953,79.976852,-61.065460,29.526421,79.114746,5.860830,20.708637,10.844359,-14.823909,32.343410,55.197464,-27.771536,44.734299,75.171867,-27.106623,43.753979,9.564409,5.773228,21.676655,43.720726,1.114500,17.567240,75.672470,-41.738583,80.052650,41.427654,-39.288898,82.537010,8.771214,-33.801155,61.473991,31.884680,-39.060390,82.755768,73.579025
467,3.891000,-0.000282,0.000232,-0.000407,1.000000,-31.726261,28.863176,40.897675,-59.806305,30.260653,1.573533,-2.245376,28.205738,2.809527,-3.784740,27.467674,79.954483,-61.068630,29.518652,79.253258,-59.810776,30.257507,1.587500,-2.301988,28.212149,2.869565,-3.731078,27.461117,79.975327,-61.065121,29.526571,79.113403,5.837960,20.777845,10.845442,-14.924544,32.252384,55.199272,-27.887428,44.607185,75.166878,-27.236710,43.579052,9.569160,5.762712,21.776701,43.701435,1.016623,17.578722,75.632095,-41.963364,79.885086,41.432838,-39.361008,82.394432,8.789820,-33.979168,61.295818,31.899637,-39.139996,82.610313,73.551476
468,3.899000,-0.000290,0.000236,-0.000408,1.000000,-31.726519,28.864273,40.900196,-59.806835,30.261177,1.576227,-2.245903,28.206131,2.811852,-3.784728,27.469339,79.956833,-61.068611,29.520454,79.255974,-59.809948,30.258486,1.589180,-2.302335,28.211895,2.869016,-3.731611,27.463367,79.977821,-61.066490,29.527866,79.113945,5.794380,20.822947,10.838968,-14.992171,32.192265,55.201881,-28.012960,44.462723,75.179306,-27.372894,43.414169,9.581823,5.755217,21.864555,43.685635,0.937247,17.608906,75.592163,-42.172413,79.702164,41.415874,-39.443577,82.252220,8.795075,-34.107925,61.135887,31.904310,-39.222290,82.474579,73.527466
469,3.908000,-0.000316,0.000256,-0.000362,1.000000,-31.724886,28.864321,40.903576,-59.806908,30.256670,1.580665,-2.245730,28.206968,2.814084,-3.781399,27.473911,79.959152,-61.065506,29.519739,79.260498,-59.808586,30.254169,1.593708,-2.303189,28.212448,2.870036,-3.727892,27.468225,79.979774,-61.065613,29.527096,79.113457,5.707909,20.859955,10.804327,-15.099558,32.124985,55.194016,-28.154873,44.283459,75.188873,-27.522696,43.233471,9.580986,5.759055,21.956720,43.681572,0.849858,17.640593,75.543739,-42.410858,79.491600,41.391918,-39.538334,82.093552,8.796892,-34.274734,60.961658,31.902248,-39.302254,82.331291,73.496178
470,3.916000,-0.000345,0.000276,-0.000323,1.000000,-31.722746,28.864285,40.906258,-59.806473,30.252144,1.584399,-2.245086,28.207026,2.815610,-3.777570,27.478340,79.960785,-61.061859,29.519638,79.264328,-59.806625,30.248695,1.597989,-2.302406,28.213840,2.869529,-3.724311,27.471500,79.980080,-61.065601,29.529434,79.115334,5.602815,20.867054,10.762726,-15.177721,32.068565,55.178635,-28.285664,44.125515,75.200394,-27.664900,43.085384,9.583749,5.751870,22.025105,43.674072,0.783460,17.664009,75.498444,-42.622326,79.280945,41.380573,-39.602486,81.978416,8.801067,-34.430382,60.781647,31.923809,-39.343990,82.200775,73.448563
471,3.924000,-0.000356,0.000293,-0.000327,1.000000,-31.720409,28.863949,40.906815,-59.805428,30.251137,1.585853,-2.244020,28.205549,2.815205,-3.773949,27.478672,79.960457,-61.058247,29.520443,79.265846,-59.804119,30.247816,1.600298,-2.303693,28.212326,2.869383,-3.722513,27.472311,79.978157,-61.064922,29.530025,79.116264,5.485132,20.831627,10.724284,-15.245645,32.010658,55.152397,-28.410192,43.956120,75.218788,-27.812380,42.916904,9.581384,5.736563,22.087721,43.658150,0.741641,17.682901,75.469360,-42.845165,79.104080,41.384876,-39.683887,81.829132,8.810098,-34.547836,60.612423,31.925890,-39.402943,82.071426,73.427322
472,3.933000,-0.000358,0.000294,-0.000318,1.000000,-31.719027,28.864803,40.908562,-59.804199,30.251316,1.587695,-2.242750,28.206787,2.816856,-3.772405,27.480200,79.962112,-61.056744,29.520920,79.267693,-59.801735,30.248398,1.603758,-2.304573,28.213108,2.870838,-3.725595,27.474871,79.978088,-61.064537,29.529625,79.115219,5.318666,20.743748,10.679658,-15.323284,31.942528,55.116623,-28.550440,43.775139,75.236542,-27.974176,42.728622,9.557538,5.713314,22.159103,43.633228,0.714787,17.700142,75.441757,-43.078690,78.896751,41.390171,-39.766811,81.672195,8.824939,-34.715252,60.436844,31.938305,-39.473610,81.917297,73.408356
473,3.941000,-0.000348,0.000289,-0.000307,1.000000,-31.718758,28.863218,40.910217,-59.803497,30.249886,1.589048,-2.242020,28.206650,2.818841,-3.772569,27.478460,79.964066,-61.056942,29.517885,79.269012,-59.800865,30.246874,1.604977,-2.303193,28.213039,2.871887,-3.724945,27.472967,79.980217,-61.065971,29.526953,79.115356,5.164003,20.657898,10.659237,-15.404903,31.869301,55.132191,-28.670115,43.613045,75.241142,-28.114473,42.588036,9.553576,5.677353,22.222326,43.613617,0.702262,17.717569,75.411804,-43.273476,78.723335,41.380096,-39.832550,81.567650,8.844017,-34.834362,60.305416,31.937534,-39.541080,81.794373,73.394562
474,3.950000,-0.000361,0.000236,-0.000284,1.000000,-31.724056,28.863180,40.900570,-59.804733,30.247557,1.576415,-2.243283,28.206985,2.812314,-3.781909,27.480698,79.957390,-61.066307,29.517483,79.256264,-59.806644,30.244307,1.585676,-2.302487,28.213808,2.870337,-3.725594,27.473745,79.978844,-61.067738,29.526636,79.115425,4.948274,20.519772,10.651320,-15.489714,31.781071,55.146164,-28.786957,43.446217,75.235527,-28.267515,42.418953,9.545829,5.635437,22.285833,43.585712,0.698554,17.747730,75.385109,-43.479843,78.534248,41.361042,-39.923302,81.434975,8.878307,-34.981724,60.139118,31.923851,-39.595505,81.649658,73.364807
475,3.958000,-0.000345,0.000279,-0.000310,1.000000,-31.720781,28.863197,40.905624,-59.804771,30.250315,1.583934,-2.243328,28.206713,2.814806,-3.775337,27.477991,79.959991,-61.059689,29.517778,79.263863,-59.803146,30.247149,1.598425,-2.304259,28.213428,2.870059,-3.724902,27.471989,79.976501,-61.068813,29.527205,79.113731,4.720349,20.406645,10.629877,-15.563544,31.715744,55.142467,-28.907007,43.290936,75.234047,-28.415003,42.236000,9.560655,5.597689,22.336229,43.557835,0.707730,17.794231,75.369942,-43.639065,78.339020,41.349499,-39.979488,81.301270,8.888240,-35.123615,59.981632,31.916309,-39.630051,81.512909,73.314178
476,3.966000,-0.000346,0.000344,-0.000280,1.000000,-31.712687,28.859112,40.914581,-59.801876,30.244452,1.596543,-2.240145,28.204298,2.819932,-3.762081,27.475674,79.965317,-61.046646,29.512030,79.276642,-59.793800,30.239645,1.617768,-2.304496,28.214058,2.869602,-3.726641,27.469862,79.973694,-61.067753,29.526974,79.114159,4.483099,20.293034,10.605039,-15.621209,31.639040,55.133492,-29.003202,43.139595,75.212753,-28.536758,42.082458,9.557151,5.563055,22.369579,43.530239,0.713142,17.841707,75.356606,-43.811077,78.171494,41.342003,-40.020756,81.176933,8.881688,-35.233204,59.832943,31.931343,-39.670006,81.390236,73.292442
477,3.975000,-0.000336,0.000336,-0.000262,1.000000,-31.713530,28.859758,40.915413,-59.802170,30.244879,1.596969,-2.240386,28.206766,2.821198,-3.763479,27.476540,79.966553,-61.048103,29.510853,79.277039,-59.793575,30.240091,1.620224,-2.302727,28.216276,2.872156,-3.732421,27.471134,79.971657,-61.064732,29.525206,79.116859,4.207418,20.155321,10.568857,-15.725778,31.544361,55.107178,-29.100752,43.003948,75.200531,-28.674904,41.918625,9.540502,5.526388,22.400076,43.504669,0.739718,17.915056,75.351860,-43.989700,78.009079,41.348682,-40.089211,81.042412,8.884547,-35.386959,59.670837,31.937515,-39.719643,81.244125,73.255867
478,3.983000,-0.000320,0.000322,-0.000278,1.000000,-31.712929,28.858620,40.917362,-59.800411,30.245892,1.598173,-2.238729,28.205872,2.823958,-3.764019,27.473265,79.969238,-61.048553,29.509460,79.278183,-59.791828,30.240393,1.620575,-2.301541,28.216829,2.872334,-3.733012,27.467049,79.976051,-61.064285,29.526079,79.118019,3.952355,20.021786,10.524559,-15.804630,31.460016,55.069901,-29.216259,42.840607,75.204437,-28.782686,41.790421,9.517750,5.486818,22.419088,43.493992,0.767671,17.978548,75.344215,-44.140236,77.875778,41.345249,-40.123974,80.939636,8.886063,-35.492336,59.554195,31.934404,-39.778744,81.114761,73.222641
479,3.991000,-0.000312,0.000298,-0.000317,1.000000,-31.714859,28.857473,40.916805,-59.800293,30.247551,1.596248,-2.238831,28.203037,2.824840,-3.767982,27.469326,79.970039,-61.052330,29.509983,79.276184,-59.791012,30.241701,1.619440,-2.303021,28.214573,2.872234,-3.738728,27.462908,79.977478,-61.062897,29.527018,79.115967,3.682228,19.835564,10.523468,-15.857983,31.403091,55.042004,-29.300669,42.672260,75.200638,-28.919891,41.653625,9.507932,5.454080,22.435572,43.480930,0.815663,18.043610,75.341003,-44.269924,77.743355,41.334114,-40.172794,80.830154,8.880403,-35.632828,59.414112,31.946077,-39.823166,80.996826,73.187096
480,4.000000,-0.000280,0.000281,-0.000334,1.000000,-31.716179,28.857145,40.918465,-59.800255,30.250723,1.597062,-2.238903,28.204138,2.827451,-3.770658,27.465523,79.972542,-61.054909,29.508205,79.276901,-59.792381,30.243694,1.620747,-2.296340,28.217194,2.869749,-3.742395,27.457884,79.980698,-61.064632,29.528797,79.117233,3.346308,19.583790,10.590787,-15.943593,31.321848,55.014545,-29.415005,42.500221,75.206345,-29.031654,41.536766,9.483278,5.420162,22.451769,43.466095,0.889409,18.114882,75.333267,-44.395592,77.601082,41.320587,-40.204765,80.698997,8.872952,-35.768368,59.255569,31.941444,-39.879417,80.857079,73.152786
481,4.008000,-0.000137,0.000135,-0.000446,1.000000,-31.728672,28.846718,40.926456,-59.800911,30.257856,1.597235,-2.240390,28.198030,2.843890,-3.794906,27.437635,79.988312,-61.078487,29.493349,79.276482,-59.790550,30.241570,1.622776,-2.291743,28.216183,2.867309,-3.763283,27.420404,80.016289,-61.065113,29.527687,79.116852,3.036496,19.342106,10.602421,-16.035192,31.242258,55.006687,-29.494030,42.349239,75.209641,-29.118490,41.445564,9.467299,5.387960,22.468437,43.456905,0.959488,18.171722,75.339981,-44.507454,77.449829,41.303993,-40.240623,80.584557,8.866385,-35.906090,59.123909,31.923023,-39.936401,80.719963,73.126793
482,4.016000,-0.000167,-0.000008,-0.000684,1.000000,-31.725395,28.841990,40.907406,-59.785740,30.264027,1.570088,-2.226555,28.176952,2.833289,-3.803444,27.422064,79.977325,-61.085846,29.504925,79.249023,-59.791260,30.242216,1.623366,-2.289485,28.202707,2.849093,-3.769087,27.403242,80.030838,-61.067158,29.527214,79.114647,2.543550,19.018181,10.522197,-16.109909,31.164234,55.003609,-29.557619,42.210190,75.187363,-29.185890,41.340508,9.445749,5.360528,22.492332,43.444004,1.027800,18.227148,75.344727,-44.603996,77.331932,41.280991,-40.264217,80.494308,8.861200,-36.056725,58.974258,31.916035,-39.977795,80.612724,73.107292
483,4.025000,-0.000180,0.000035,-0.000655,1.000000,-31.728333,28.841156,40.909199,-59.792156,30.260595,1.574263,-2.232745,28.176807,2.832556,-3.802928,27.423811,79.976738,-61.085510,29.503418,79.253326,-59.788589,30.242201,1.621240,-2.291581,28.199833,2.843080,-3.769680,27.405210,80.025826,-61.070831,29.527643,79.111977,2.204167,18.912069,10.501770,-16.168177,31.065998,54.972710,-29.622856,42.069847,75.163849,-29.254055,41.221622,9.406177,5.329947,22.520901,43.431072,1.093469,18.287846,75.358452,-44.690067,77.233986,41.258030,-40.275921,80.393906,8.845151,-36.182022,58.844112,31.919113,-40.022915,80.483604,73.070602
484,4.033000,-0.000162,0.000063,-0.000622,1.000000,-31.728039,28.842472,40.910366,-59.794174,30.261431,1.577055,-2.234548,28.181479,2.832037,-3.800333,27.425611,79.976295,-61.083103,29.501381,79.256180,-59.789997,30.244553,1.620231,-2.290026,28.202850,2.843009,-3.767226,27.407909,80.021698,-61.070549,29.526413,79.110840,1.991975,18.855324,10.504035,-16.258865,30.971094,54.978050,-29.694855,41.920937,75.155136,-29.354679,41.087093,9.425753,5.306119,22.550520,43.422039,1.148598,18.354265,75.372658,-44.766094,77.154610,41.233635,-40.300529,80.272903,8.829891,-36.328743,58.713741,31.908983,-40.061348,80.373970,73.039230
485,4.041000,-0.000120,0.000071,-0.000531,1.000000,-31.733788,28.843386,40.915184,-59.800808,30.260586,1.582453,-2.240795,28.190962,2.836323,-3.805196,27.428276,79.980537,-61.088341,29.493723,79.261520,-59.792095,30.239073,1.601753,-2.298566,28.211857,2.863336,-3.766749,27.407719,80.018356,-61.069012,29.528976,79.111588,1.739701,18.744272,10.540266,-16.314388,30.853579,55.001472,-29.744720,41.792244,75.130287,-29.453239,40.969349,9.414582,5.272557,22.574814,43.410889,1.197147,18.430332,75.388542,-44.834229,77.055458,41.205185,-40.304955,80.163490,8.820107,-36.446434,58.599358,31.906637,-40.078075,80.250374,73.007439
486,4.049000,-0.000030,0.000155,-0.000553,1.000000,-31.737724,28.842548,40.929691,-59.811256,30.268034,1.601905,-2.251118,28.195679,2.845785,-3.802675,27.419209,79.990128,-61.085850,29.487276,79.281059,-59.793346,30.240971,1.595962,-2.303252,28.210682,2.875251,-3.766226,27.404398,80.017563,-61.067593,29.528845,79.113731,1.544699,18.670092,10.560041,-16.375410,30.750257,54.997002,-29.773130,41.702965,75.106682,-29.526964,40.871742,9.406501,5.248511,22.602175,43.395000,1.237908,18.505987,75.401978,-44.910355,76.949692,41.181286,-40.322166,80.061485,8.819598,-36.588459,58.450115,31.918934,-40.112610,80.132324,72.991608
487,4.058000,-0.000022,0.000183,-0.000569,1.000000,-31.736256,28.838993,40.935558,-59.811943,30.266050,1.609370,-2.251804,28.191801,2.849990,-3.799057,27.414089,79.994392,-61.082207,29.484034,79.288574,-59.787334,30.240704,1.618110,-2.303275,28.206751,2.875912,-3.767710,27.399672,80.017868,-61.064278,29.527130,79.116356,1.378064,18.617668,10.569872,-16.450102,30.650524,54.971169,-29.803955,41.610119,75.083153,-29.594585,40.768887,9.382020,5.228760,22.647003,43.371178,1.280604,18.586817,75.424110,-44.982037,76.816116,41.160221,-40.329475,79.962090,8.816883,-36.756058,58.268608,31.916481,-40.171135,79.996887,72.969315
488,4.066000,-0.000031,0.000141,-0.000549,1.000000,-31.736317,28.841007,40.930462,-59.808784,30.266220,1.601905,-2.248669,28.194233,2.847362,-3.802323,27.417940,79.991661,-61.085499,29.485643,79.281021,-59.789188,30.239990,1.602044,-2.302804,28.209696,2.875586,-3.766961,27.402592,80.020943,-61.062855,29.525486,79.117844,1.266492,18.575502,10.584310,-16.500494,30.571737,54.941322,-29.829260,41.509964,75.066887,-29.665455,40.671127,9.348901,5.202329,22.693066,43.338062,1.314565,18.645346,75.442902,-45.045383,76.705711,41.151531,-40.332836,79.868279,8.809271,-36.870457,58.139507,31.896740,-40.224945,79.878494,72.959290
489,4.075000,-0.000270,0.000186,-0.000417,1.000000,-31.720152,28.851267,40.909279,-59.796535,30.250296,1.582578,-2.235764,28.194159,2.823836,-3.782266,27.454222,79.968628,-61.066044,29.506403,79.262177,-59.790428,30.240908,1.598449,-2.300639,28.209257,2.872426,-3.735550,27.440844,79.989883,-61.063587,29.527872,79.116272,1.183833,18.543715,10.603773,-16.563932,30.485933,54.925751,-29.859394,41.379635,75.044205,-29.732594,40.508400,9.337447,5.186199,22.744400,43.295448,1.424929,18.752762,75.438484,-45.083878,76.604553,41.138309,-40.335262,79.733154,8.793001,-37.003563,58.010029,31.874811,-40.257435,79.746536,72.942665
490,4.083000,-0.000323,0.000325,-0.000352,1.000000,-31.707596,28.855280,40.916245,-59.795052,30.246469,1.597169,-2.233663,28.197987,2.822715,-3.758717,27.466022,79.968010,-61.042957,29.510645,79.277191,-59.785145,30.240484,1.619524,-2.300257,28.210026,2.872068,-3.725477,27.459192,79.975082,-61.064034,29.528675,79.116508,1.113550,18.501051,10.632302,-16.603777,30.424763,54.920326,-29.910269,41.272305,75.040001,-29.771482,40.399761,9.328518,5.192087,22.757460,43.270260,1.520384,18.810825,75.450462,-45.107002,76.518860,41.130920,-40.347843,79.634621,8.780967,-37.090347,57.886772,31.878317,-40.271111,79.648407,72.912148
491,4.091000,-0.000313,0.000348,-0.000350,1.000000,-31.707346,28.855410,40.919350,-59.796612,30.247284,1.601592,-2.235162,28.198978,2.824447,-3.756663,27.465477,79.969803,-61.040943,29.509911,79.281654,-59.787304,30.241638,1.623445,-2.301512,28.210365,2.871713,-3.723317,27.459002,79.978767,-61.060257,29.527214,79.117615,1.094986,18.495958,10.632112,-16.664400,30.353996,54.891430,-29.974339,41.183933,75.046608,-29.805025,40.294868,9.299106,5.194323,22.757561,43.250473,1.608620,18.883270,75.474289,-45.146282,76.418686,41.116631,-40.346607,79.560173,8.775086,-37.207142,57.726852,31.865709,-40.281502,79.549835,72.878204
492,4.099000,-0.000320,0.000316,-0.000368,1.000000,-31.708006,28.855553,40.921410,-59.794735,30.247862,1.601851,-2.233434,28.197538,2.828381,-3.759843,27.465185,79.973648,-61.044014,29.511633,79.281853,-59.784973,30.241734,1.623107,-2.301906,28.209963,2.874253,-3.727261,27.458195,79.984268,-61.058800,29.529888,79.120163,1.110121,18.490959,10.630594,-16.694778,30.295929,54.872108,-30.044758,41.108444,75.036346,-29.840284,40.176262,9.287742,5.192032,22.759388,43.245750,1.706310,18.983929,75.500931,-45.196911,76.312950,41.102211,-40.337120,79.484566,8.763938,-37.296604,57.587414,31.848356,-40.306732,79.454475,72.868500
493,4.108000,-0.000322,0.000309,-0.000363,1.000000,-31.708464,28.855356,40.921658,-59.794662,30.247244,1.601708,-2.233359,28.197432,2.829039,-3.760829,27.465408,79.974297,-61.045002,29.511351,79.281693,-59.785717,30.240849,1.622062,-2.301207,28.210321,2.875559,-3.726456,27.457882,79.985687,-61.060314,29.530394,79.120728,1.194271,18.527559,10.609779,-16.723896,30.246735,54.856281,-30.144310,41.019501,75.000313,-29.846542,40.055294,9.298264,5.178195,22.768841,43.249260,1.802719,19.102732,75.511505,-45.240662,76.195923,41.086807,-40.330879,79.381981,8.757227,-37.414299,57.441628,31.826643,-40.350689,79.345528,72.875633
494,4.116000,-0.000325,0.000318,-0.000352,1.000000,-31.709436,28.855272,40.920269,-59.796406,30.246332,1.600844,-2.235037,28.197783,2.827102,-3.761035,27.466148,79.972389,-61.045265,29.510836,79.280846,-59.787296,30.240948,1.621971,-2.302172,28.208744,2.874399,-3.728075,27.459887,79.982262,-61.060680,29.526991,79.119469,1.279104,18.553728,10.602980,-16.741793,30.193525,54.847439,-30.272316,40.902843,74.957741,-29.847780,39.962406,9.281248,5.159706,22.780184,43.256550,1.827183,19.167564,75.485382,-45.276344,76.111320,41.074211,-40.324177,79.278145,8.743726,-37.488316,57.319630,31.818596,-40.397049,79.220734,72.838654
495,4.125000,-0.000319,0.000323,-0.000386,1.000000,-31.709513,28.854492,40.919357,-59.796726,30.247917,1.600188,-2.235481,28.195498,2.825925,-3.760871,27.463013,79.971222,-61.044971,29.511547,79.280197,-59.787880,30.241829,1.620980,-2.302080,28.207693,2.871920,-3.726931,27.455885,79.982185,-61.060905,29.529821,79.118217,1.402809,18.582352,10.590980,-16.776516,30.156401,54.841095,-30.394220,40.763386,74.913559,-29.843309,39.860516,9.271937,5.141371,22.792362,43.270012,1.830159,19.245890,75.423615,-45.333138,76.021866,41.053738,-40.311672,79.201561,8.745274,-37.557224,57.201595,31.805431,-40.434456,79.109039,72.796524
496,4.133000,-0.000317,0.000312,-0.000384,1.000000,-31.709755,28.853256,40.918251,-59.796120,30.246725,1.598471,-2.234894,28.194471,2.825466,-3.761962,27.461731,79.970711,-61.046051,29.510099,79.278458,-59.786816,30.239731,1.619775,-2.302281,28.208557,2.873142,-3.729412,27.453884,79.980019,-61.062061,29.530966,79.117432,1.527539,18.616800,10.581898,-16.820122,30.124104,54.841988,-30.528328,40.609055,74.894196,-29.847162,39.776798,9.256750,5.125424,22.817661,43.281467,1.798737,19.272493,75.414780,-45.373486,75.926514,41.033615,-40.295086,79.142227,8.744549,-37.632698,57.081120,31.789852,-40.442154,79.030670,72.766510
497,4.141000,-0.000313,0.000312,-0.000398,1.000000,-31.711107,28.854605,40.916599,-59.797466,30.249187,1.596853,-2.236289,28.195370,2.823782,-3.763321,27.461975,79.969025,-61.047363,29.511896,79.276833,-59.788696,30.242947,1.617723,-2.303423,28.208076,2.873943,-3.730389,27.454870,79.977463,-61.063503,29.530495,79.117271,1.692679,18.678375,10.569777,-16.864580,30.092100,54.847443,-30.667713,40.451550,74.898643,-29.853567,39.698544,9.232772,5.111297,22.842026,43.289707,1.755040,19.289095,75.423637,-45.407379,75.841576,41.012260,-40.277351,79.074493,8.730845,-37.666534,56.975090,31.764484,-40.444984,78.958565,72.736427
498,4.150000,-0.000321,0.000241,-0.000370,1.000000,-31.714954,28.855556,40.905132,-59.795822,30.247906,1.581395,-2.234715,28.197294,2.816498,-3.772616,27.465147,79.961540,-61.056667,29.511885,79.261200,-59.792389,30.241749,1.597820,-2.297607,28.209347,2.869781,-3.730658,27.456331,79.976143,-61.062283,29.527971,79.117134,1.939472,18.797455,10.539813,-16.895645,30.067638,54.849796,-30.852512,40.287086,74.909271,-29.875910,39.623512,9.212103,5.102311,22.864340,43.296986,1.691886,19.311377,75.432304,-45.437431,75.748962,40.990337,-40.262066,79.007393,8.718285,-37.700706,56.886883,31.733871,-40.461479,78.862747,72.706154
499,4.158000,-0.000325,0.000304,-0.000438,1.000000,-31.711355,28.853565,40.910976,-59.796936,30.249374,1.590723,-2.235949,28.191011,2.818674,-3.764337,27.459713,79.963913,-61.048203,29.514170,79.270699,-59.788113,30.245247,1.613838,-2.290209,28.198305,2.849107,-3.732710,27.454727,79.978340,-61.063023,29.526217,79.114418,2.114037,18.850368,10.532578,-16.921513,30.069334,54.833477,-30.974144,40.179790,74.891647,-29.879988,39.575481,9.172871,5.097085,22.887527,43.299847,1.563706,19.259218,75.462555,-45.455898,75.664505,40.971546,-40.253304,78.926483,8.707487,-37.719601,56.835323,31.705055,-40.465363,78.769211,72.676460
500,4.166000,-0.000321,0.000327,-0.000436,1.000000,-31.711760,28.853693,40.912666,-59.799164,30.249743,1.593718,-2.238116,28.191528,2.818993,-3.762931,27.459604,79.964294,-61.046837,29.513908,79.273750,-59.788452,30.244843,1.618082,-2.293001,28.199747,2.845365,-3.732024,27.454079,79.979797,-61.063278,29.527924,79.116211,2.304340,18.919174,10.539633,-16.948059,30.078173,54.807240,-31.096590,40.072872,74.844604,-29.883417,39.519794,9.129305,5.092964,22.915073,43.301926,1.485206,19.248926,75.491074,-45.473515,75.601692,40.954769,-40.232441,78.860023,8.700773,-37.731716,56.787064,31.668114,-40.471558,78.695076,72.661331
501,4.174000,-0.000340,0.000325,-0.000409,1.000000,-31.711378,28.855362,40.911777,-59.798706,30.248457,1.592675,-2.237558,28.193361,2.818239,-3.762624,27.464209,79.963562,-61.046631,29.515430,79.272720,-59.787525,30.243963,1.618273,-2.292565,28.201199,2.844077,-3.734179,27.459219,79.977448,-61.062115,29.528410,79.116127,2.494841,19.005835,10.541856,-16.982265,30.089045,54.767353,-31.207476,39.956440,74.810226,-29.892546,39.460514,9.092684,5.077090,22.948862,43.288795,1.430114,19.257521,75.498848,-45.498520,75.525078,40.933289,-40.199741,78.818680,8.696480,-37.740593,56.734901,31.647312,-40.468960,78.629829,72.646858
502,4.183000,-0.000167,0.000126,-0.000511,1.000000,-31.725967,28.847664,40.919109,-59.797321,30.260059,1.589292,-2.237084,28.192886,2.837107,-3.793082,27.437332,79.981552,-61.076385,29.500389,79.268578,-59.787415,30.244850,1.621105,-2.293647,28.211573,2.860966,-3.760962,27.420033,80.013840,-61.060642,29.528200,79.116219,2.832542,19.234760,10.536819,-17.026407,30.081186,54.732353,-31.302319,39.819717,74.780991,-29.912975,39.403675,9.066916,5.070970,22.988119,43.270733,0.977797,18.931629,75.483879,-45.527462,75.446228,40.907894,-40.179108,78.755875,8.683411,-37.782948,56.622898,31.645996,-40.462566,78.551033,72.611992
503,4.191000,-0.000098,0.000044,-0.000569,1.000000,-31.729338,28.844208,40.923904,-59.794079,30.265263,1.589683,-2.234289,28.191191,2.846646,-3.803021,27.425268,79.990738,-61.085976,29.495117,79.268654,-59.786331,30.244688,1.621619,-2.291981,28.213987,2.874288,-3.768674,27.403572,80.026176,-61.064804,29.528955,79.113991,3.131317,19.450844,10.605126,-17.099318,30.041328,54.720287,-31.371666,39.709682,74.766487,-29.970926,39.339680,9.047585,5.077468,23.017223,43.254910,0.874784,18.937140,75.476006,-45.549461,75.384369,40.885006,-40.158077,78.707756,8.674453,-37.792877,56.547211,31.636625,-40.471779,78.467834,72.595909
504,4.200000,-0.000055,0.000122,-0.000553,1.000000,-31.732214,28.843143,40.934441,-59.803188,30.266714,1.604757,-2.243131,28.194342,2.852485,-3.799704,27.421707,79.996758,-61.082832,29.489820,79.283859,-59.786915,30.245600,1.620351,-2.294975,28.210369,2.877235,-3.765739,27.405909,80.024811,-61.067062,29.529411,79.113083,3.360342,19.582750,10.649442,-17.158289,29.988007,54.716480,-31.462769,39.596497,74.764824,-30.010193,39.273163,9.027691,5.074360,23.060865,43.246021,0.770285,18.970932,75.461205,-45.578232,75.315895,40.861584,-40.135307,78.667084,8.674355,-37.796040,56.481392,31.608152,-40.482529,78.390144,72.575859
505,4.208000,-0.000103,0.000115,-0.000539,1.000000,-31.731977,28.844086,40.930202,-59.802437,30.263058,1.599985,-2.242339,28.192511,2.848732,-3.799981,27.427217,79.993050,-61.083160,29.493561,79.279144,-59.787632,30.245430,1.620059,-2.298447,28.208738,2.874753,-3.765894,27.411467,80.023422,-61.064140,29.526783,79.114128,3.477707,19.659182,10.653432,-17.196489,29.937565,54.695820,-31.498337,39.526031,74.760956,-30.027563,39.217289,9.006882,5.064493,23.092348,43.250298,0.681718,19.002596,75.434753,-45.614746,75.251892,40.837799,-40.108143,78.633186,8.670733,-37.792427,56.436623,31.584538,-40.479282,78.315529,72.545288
506,4.216000,-0.000270,0.000269,-0.000379,1.000000,-31.714472,28.854445,40.920673,-59.797443,30.251360,1.598608,-2.236316,28.199572,2.830371,-3.770039,27.459503,79.975418,-61.054085,29.507355,79.278412,-59.787334,30.244415,1.621567,-2.299864,28.211800,2.872002,-3.739993,27.452087,79.986534,-61.063923,29.526667,79.114296,3.613760,19.766375,10.663466,-17.230982,29.893471,54.675453,-31.508753,39.461979,74.732971,-30.037561,39.152882,8.982479,5.047647,23.118036,43.257439,0.602770,19.020561,75.419388,-45.637577,75.195709,40.824413,-40.072926,78.587029,8.667077,-37.783440,56.394398,31.569948,-40.496315,78.253593,72.536263
507,4.224000,-0.000345,0.000341,-0.000310,1.000000,-31.709084,28.860266,40.913555,-59.797924,30.247414,1.595324,-2.236328,28.203758,2.819097,-3.758824,27.475029,79.964478,-61.043262,29.514868,79.275421,-59.788227,30.242855,1.619807,-2.299440,28.212700,2.870311,-3.727547,27.469938,79.968704,-61.061623,29.528231,79.116776,3.702002,19.839678,10.654185,-17.254606,29.848215,54.646038,-31.512749,39.406837,74.694649,-30.066198,39.083706,8.974717,5.032880,23.139692,43.264954,0.539829,19.031961,75.404686,-45.656849,75.144440,40.810020,-40.030540,78.546257,8.659663,-37.773281,56.356461,31.556236,-40.509369,78.195747,72.525734
508,4.233000,-0.000361,0.000351,-0.000324,1.000000,-31.707832,28.860754,40.912712,-59.797417,30.247417,1.594996,-2.235854,28.202230,2.817688,-3.756830,27.475998,79.963127,-61.041225,29.517380,79.275146,-59.787411,30.243084,1.618957,-2.300977,28.210915,2.870601,-3.725419,27.471138,79.967133,-61.059391,29.529974,79.118065,3.794445,19.909691,10.633224,-17.305746,29.794172,54.623878,-31.509268,39.344727,74.643959,-30.096718,39.000393,8.964303,5.016120,23.168892,43.271843,0.470251,19.034781,75.393333,-45.676418,75.070038,40.785229,-39.986855,78.517883,8.657052,-37.764355,56.318386,31.543758,-40.520702,78.117538,72.495453
509,4.241000,-0.000334,0.000335,-0.000310,1.000000,-31.708706,28.861263,40.913330,-59.797115,30.249199,1.594821,-2.235532,28.205585,2.819183,-3.758874,27.475246,79.964531,-61.043304,29.515032,79.274879,-59.788067,30.244553,1.616661,-2.299690,28.215004,2.867193,-3.727049,27.469873,79.971939,-61.060272,29.528925,79.118202,3.851397,19.962233,10.621489,-17.357210,29.745632,54.617046,-31.510221,39.297218,74.612495,-30.094524,38.948837,8.945851,5.003567,23.193493,43.279339,0.415218,19.039707,75.388420,-45.686241,75.011101,40.769432,-39.950729,78.495781,8.654283,-37.746956,56.277924,31.524002,-40.537540,78.052399,72.478348
510,4.250000,-0.000327,0.000333,-0.000314,1.000000,-31.708035,28.859516,40.915485,-59.796272,30.248276,1.596883,-2.234709,28.204187,2.821451,-3.758377,27.472681,79.966774,-61.042786,29.512930,79.276932,-59.787033,30.243004,1.618839,-2.299012,28.214720,2.867347,-3.726052,27.466637,79.975357,-61.060951,29.528893,79.116943,3.885177,20.003359,10.608493,-17.402845,29.693651,54.612328,-31.524870,39.227249,74.575348,-30.085554,38.911240,8.917885,4.985785,23.221777,43.282883,0.358415,19.058498,75.383987,-45.694798,74.951553,40.748669,-39.903130,78.478073,8.638044,-37.720703,56.227623,31.510853,-40.545288,77.988884,72.458878
511,4.258000,-0.000352,0.000340,-0.000313,1.000000,-31.708723,28.860136,40.915466,-59.797512,30.246883,1.597187,-2.235928,28.202915,2.821049,-3.758511,27.475300,79.966438,-61.042942,29.515457,79.277290,-59.788673,30.242521,1.618403,-2.301197,28.211836,2.868145,-3.724603,27.470060,79.975716,-61.061977,29.528814,79.116714,3.890097,20.027369,10.592205,-17.441772,29.647297,54.604691,-31.544600,39.166454,74.546722,-30.074524,38.885136,8.890947,4.972219,23.238752,43.281651,0.323732,19.104593,75.383133,-45.698799,74.909920,40.728664,-39.866768,78.471237,8.626815,-37.697769,56.188538,31.499041,-40.543655,77.936501,72.445122
512,4.266000,-0.000335,0.000338,-0.000313,1.000000,-31.707567,28.861246,40.915504,-59.796154,30.249271,1.597124,-2.234572,28.205320,2.821219,-3.757560,27.475136,79.966568,-61.041988,29.515261,79.277191,-59.787048,30.244967,1.618635,-2.300351,28.214205,2.870292,-3.724230,27.470043,79.974335,-61.061775,29.528442,79.117577,3.880023,20.044785,10.569851,-17.480162,29.614151,54.594566,-31.568607,39.111553,74.517326,-30.061213,38.869492,8.870106,4.962198,23.254236,43.278797,0.295024,19.157085,75.389000,-45.700489,74.872139,40.709259,-39.818401,78.468918,8.611609,-37.669609,56.160122,31.484449,-40.545620,77.872345,72.430527
513,4.275000,-0.000344,0.000348,-0.000346,1.000000,-31.707153,28.861275,40.916069,-59.796440,30.250513,1.598230,-2.234972,28.202724,2.821204,-3.756454,27.473959,79.966606,-61.040749,29.517914,79.278336,-59.787495,30.246374,1.619397,-2.301008,28.211285,2.869124,-3.721981,27.468931,79.975723,-61.061115,29.530720,79.116882,3.858533,20.049072,10.543613,-17.529989,29.572626,54.582142,-31.591833,39.056778,74.484291,-30.057753,38.845684,8.833724,4.951468,23.274378,43.278267,0.260917,19.199049,75.388893,-45.701557,74.837379,40.696198,-39.778931,78.466888,8.611502,-37.610573,56.150013,31.472952,-40.552799,77.813187,72.418686
514,4.283000,-0.000342,0.000349,-0.000331,1.000000,-31.705784,28.860453,40.917168,-59.795189,30.248959,1.599386,-2.233657,28.202877,2.822241,-3.754971,27.473867,79.967644,-61.039330,29.516119,79.279495,-59.785347,30.244934,1.621211,-2.300865,28.211250,2.868669,-3.721457,27.469051,79.976997,-61.059155,29.528543,79.116936,3.815950,20.017174,10.518094,-17.569618,29.555595,54.552544,-31.616512,38.990871,74.450706,-30.041672,38.833790,8.819384,4.938635,23.286530,43.274704,0.256558,19.237349,75.380157,-45.704319,74.812149,40.691162,-39.742626,78.457542,8.605597,-37.575550,56.136269,31.456963,-40.557144,77.771088,72.412598
515,4.291000,-0.000349,0.000348,-0.000327,1.000000,-31.706636,28.861803,40.917900,-59.796013,30.249557,1.600066,-2.234459,28.203917,2.823019,-3.755856,27.475965,79.968430,-61.040230,29.517782,79.280182,-59.786373,30.245356,1.621367,-2.302571,28.212715,2.871702,-3.721882,27.470940,79.977272,-61.060177,29.530672,79.118881,3.754027,19.985754,10.485381,-17.583296,29.538792,54.505276,-31.644836,38.923168,74.435234,-30.020714,38.820702,8.803043,4.920243,23.296963,43.267040,0.256183,19.267424,75.381279,-45.707455,74.782219,40.687435,-39.711182,78.453033,8.609134,-37.540314,56.114609,31.448883,-40.559425,77.729309,72.408363
516,4.299000,-0.000345,0.000344,-0.000317,1.000000,-31.706333,28.861486,40.917568,-59.795452,30.248985,1.599547,-2.233863,28.204573,2.822894,-3.755805,27.475903,79.968285,-61.040222,29.516497,79.279648,-59.786900,30.244743,1.621061,-2.298555,28.213263,2.871417,-3.722025,27.470821,79.976593,-61.059975,29.529652,79.117485,3.703542,19.931898,10.467102,-17.600922,29.534323,54.474300,-31.701517,38.839020,74.439964,-29.996889,38.804539,8.783189,4.909215,23.298164,43.262661,0.267175,19.297270,75.388138,-45.709862,74.753426,40.684402,-39.677361,78.451118,8.613673,-37.510944,56.100212,31.445852,-40.565147,77.684372,72.395065
517,4.308000,-0.000335,0.000341,-0.000328,1.000000,-31.707001,28.860199,40.915588,-59.795826,30.249071,1.597407,-2.234301,28.203344,2.821094,-3.756752,27.473249,79.966461,-61.041122,29.515141,79.277489,-59.788353,30.244246,1.618906,-2.295218,28.212887,2.869193,-3.723540,27.467560,79.974060,-61.060089,29.529942,79.117729,3.639948,19.874857,10.456342,-17.627594,29.524174,54.445015,-31.751606,38.748177,74.444969,-29.975780,38.781300,8.764283,4.899060,23.296509,43.262863,0.285757,19.329014,75.383568,-45.713085,74.721886,40.679062,-39.646362,78.439507,8.612562,-37.472881,56.083267,31.430832,-40.576900,77.630135,72.380615
518,4.316000,-0.000326,0.000338,-0.000340,1.000000,-31.705988,28.858250,40.915318,-59.794533,30.248558,1.596987,-2.233064,28.201363,2.820992,-3.756020,27.469873,79.966339,-61.040329,29.513216,79.277054,-59.786171,30.243185,1.619039,-2.294648,28.211922,2.867692,-3.723250,27.463696,79.973885,-61.060516,29.529636,79.117287,3.583382,19.821825,10.457732,-17.648552,29.513374,54.428776,-31.790171,38.677620,74.433784,-29.963499,38.756798,8.746694,4.885962,23.300604,43.263428,0.305717,19.348013,75.389923,-45.709656,74.689026,40.667648,-39.622520,78.434196,8.614832,-37.442841,56.070549,31.418663,-40.591034,77.584717,72.370079
519,4.325000,-0.000311,0.000319,-0.000344,1.000000,-31.706768,28.857670,40.914555,-59.793835,30.249372,1.595217,-2.232426,28.201702,2.821317,-3.758276,27.467907,79.966583,-61.042542,29.511705,79.275200,-59.786137,30.243483,1.617207,-2.292430,28.213114,2.867848,-3.725994,27.461191,79.974098,-61.061001,29.529593,79.115814,3.511198,19.771980,10.467438,-17.679184,29.482615,54.426514,-31.822985,38.616375,74.408394,-29.947269,38.715446,8.728413,4.866102,23.305033,43.258850,0.333677,19.371410,75.403564,-45.718884,74.658813,40.655933,-39.602177,78.431099,8.615600,-37.410801,56.055527,31.406164,-40.609543,77.539139,72.359230
520,4.333000,-0.000317,0.000325,-0.000350,1.000000,-31.706779,28.858852,40.913628,-59.794308,30.250402,1.594615,-2.232912,28.202087,2.820039,-3.757828,27.469238,79.965332,-61.042084,29.513687,79.274628,-59.787495,30.244886,1.617647,-2.288397,28.212532,2.867190,-3.726459,27.462971,79.970543,-61.061443,29.530605,79.116020,3.461452,19.742180,10.504255,-17.705692,29.460314,54.418953,-31.860924,38.567326,74.377129,-29.927668,38.682777,8.717583,4.850812,23.304214,43.255615,0.366311,19.405327,75.415054,-45.730583,74.635902,40.646847,-39.580814,78.432831,8.619011,-37.389217,56.040485,31.394806,-40.620502,77.504593,72.346558
521,4.341000,-0.000331,0.000331,-0.000354,1.000000,-31.706423,28.859022,40.913315,-59.794353,30.249727,1.594558,-2.232957,28.201012,2.819428,-3.757066,27.470249,79.964760,-61.041313,29.515108,79.274605,-59.786720,30.244558,1.618651,-2.287856,28.210598,2.864017,-3.726020,27.464407,79.970192,-61.061581,29.530844,79.115982,3.435287,19.755014,10.504127,-17.748236,29.433098,54.412182,-31.897459,38.534565,74.341217,-29.900387,38.651924,8.711160,4.839469,23.300591,43.254887,0.395957,19.445944,75.421867,-45.750629,74.608482,40.634769,-39.553513,78.428749,8.620914,-37.369343,56.028305,31.389656,-40.621929,77.476295,72.332169
522,4.349000,-0.000359,0.000336,-0.000394,1.000000,-31.707447,28.855913,40.910358,-59.795700,30.246603,1.591831,-2.234453,28.193382,2.816185,-3.757778,27.467152,79.961571,-61.041862,29.516527,79.271935,-59.785862,30.241573,1.619009,-2.284716,28.201693,2.847583,-3.728608,27.461668,79.970512,-61.061714,29.531162,79.114601,2.710752,19.116621,10.529451,-17.767385,29.409426,54.401577,-31.923199,38.509567,74.313828,-29.873386,38.632824,8.703275,4.828122,23.297640,43.252682,0.419704,19.487867,75.433807,-45.763935,74.581184,40.613171,-39.520210,78.438034,8.628360,-37.346375,56.017857,31.385723,-40.627491,77.431038,72.327789
523,4.358000,-0.000338,0.000340,-0.000398,1.000000,-31.708115,28.856409,40.909161,-59.796638,30.249035,1.590896,-2.235401,28.195229,2.814746,-3.758177,27.465721,79.960121,-61.042248,29.515657,79.270981,-59.784954,30.243864,1.619240,-2.286738,28.203424,2.843500,-3.728945,27.460241,79.969925,-61.062820,29.530174,79.113945,2.491917,18.967947,10.532511,-17.787769,29.396366,54.388577,-31.943932,38.473915,74.283127,-29.838428,38.624844,8.690829,4.813528,23.294916,43.246086,0.446936,19.539633,75.454254,-45.797710,74.525230,40.598919,-39.497768,78.442490,8.628807,-37.318424,56.011398,31.381380,-40.636898,77.393440,72.317024
524,4.366000,-0.000350,0.000348,-0.000433,1.000000,-31.707912,28.856125,40.909058,-59.796940,30.249739,1.591191,-2.235833,28.191957,2.814204,-3.757465,27.464455,79.959618,-61.041409,29.518360,79.271317,-59.786022,30.245235,1.617801,-2.289109,28.199705,2.843737,-3.727834,27.459469,79.970062,-61.063015,29.531660,79.113831,2.378753,18.901403,10.538089,-17.801144,29.383827,54.376972,-31.961056,38.427109,74.254242,-29.789089,38.623207,8.663537,4.802683,23.290495,43.242336,0.457207,19.569611,75.460388,-45.833176,74.484261,40.589966,-39.475693,78.449211,8.632463,-37.288723,56.004215,31.370337,-40.651180,77.363716,72.305771
525,4.375000,-0.000354,0.000338,-0.000443,1.000000,-31.707958,28.857004,40.908318,-59.796246,30.250839,1.589924,-2.235192,28.191957,2.814013,-3.758252,27.465115,79.959404,-61.042141,29.520115,79.270027,-59.784771,30.246731,1.616380,-2.289682,28.199106,2.842616,-3.729023,27.460558,79.970619,-61.062206,29.532061,79.114082,2.266317,18.840719,10.540422,-17.816818,29.370689,54.363453,-31.971148,38.391907,74.229736,-29.743259,38.629196,8.644290,4.785748,23.277664,43.237019,0.473109,19.603966,75.468193,-45.887688,74.441597,40.570728,-39.456341,78.451912,8.633340,-37.242821,56.008373,31.362650,-40.678528,77.322975,72.292465
526,4.383000,-0.000358,0.000336,-0.000447,1.000000,-31.708366,28.856596,40.909119,-59.796429,30.250381,1.590565,-2.235404,28.191059,2.814972,-3.758881,27.464754,79.960358,-61.042755,29.520199,79.270676,-59.785618,30.246964,1.616474,-2.289654,28.197216,2.844586,-3.729617,27.460825,79.971298,-61.062466,29.530344,79.115173,2.163357,18.784679,10.534814,-17.829901,29.352930,54.351402,-31.981955,38.360775,74.207092,-29.709074,38.633923,8.626354,4.752927,23.258091,43.228958,0.482208,19.627399,75.473587,-45.925121,74.411133,40.548344,-39.441910,78.459373,8.631894,-37.222801,56.005798,31.351927,-40.724831,77.283386,72.279831
527,4.391000,-0.000359,0.000348,-0.000443,1.000000,-31.707850,28.856194,40.910217,-59.796913,30.249674,1.592365,-2.235836,28.190800,2.815336,-3.757375,27.464655,79.960762,-61.041283,29.519653,79.272507,-59.786003,30.245642,1.618755,-2.289577,28.197865,2.844566,-3.727917,27.460131,79.971642,-61.062073,29.531616,79.115036,2.087777,18.751276,10.531926,-17.840593,29.332319,54.331089,-32.010464,38.331638,74.204407,-29.680141,38.636097,8.612843,4.726435,23.243031,43.227329,0.481928,19.644135,75.476418,-45.959747,74.386856,40.523975,-39.429447,78.463593,8.633288,-37.206120,56.002384,31.340698,-40.771507,77.244530,72.263809
528,4.400000,-0.000356,0.000342,-0.000425,1.000000,-31.707144,28.856356,40.911263,-59.795784,30.249044,1.593077,-2.234647,28.192225,2.816731,-3.757089,27.465603,79.962143,-61.041058,29.518553,79.273201,-59.785473,30.243889,1.618525,-2.288350,28.201326,2.844738,-3.727225,27.459829,79.974174,-61.062698,29.534180,79.114914,2.004852,18.710129,10.533148,-17.852535,29.321491,54.310669,-32.038261,38.279575,74.190727,-29.642790,38.635956,8.603138,4.702491,23.232023,43.226879,0.471731,19.663027,75.470779,-46.003784,74.355988,40.495022,-39.416763,78.470764,8.632896,-37.183662,55.988728,31.327408,-40.819016,77.211418,72.246330
529,4.408000,-0.000330,0.000321,-0.000404,1.000000,-31.707552,28.855297,40.913647,-59.794571,30.248871,1.594335,-2.233401,28.194342,2.820346,-3.759110,27.463669,79.965645,-61.043133,29.514313,79.274361,-59.784199,30.242794,1.617229,-2.297816,28.206345,2.862973,-3.727524,27.456877,79.974518,-61.062820,29.532692,79.114464,1.942734,18.675930,10.529200,-17.859797,29.305017,54.287262,-32.057346,38.252964,74.176361,-29.591593,38.641747,8.591118,4.688427,23.223711,43.224064,0.453529,19.677200,75.465721,-46.050026,74.328903,40.475479,-39.406338,78.479759,8.637315,-37.167786,55.983513,31.318130,-40.854153,77.189453,72.225075
530,4.416000,-0.000322,0.000317,-0.000414,1.000000,-31.708294,28.856913,40.913918,-59.794987,30.251699,1.594418,-2.233878,28.195980,2.820820,-3.760168,27.464077,79.966095,-61.044144,29.515898,79.274429,-59.786190,30.246120,1.616170,-2.298790,28.207279,2.870564,-3.727673,27.457714,79.973213,-61.062534,29.532866,79.114037,1.905110,18.654524,10.526320,-17.868595,29.298019,54.270954,-32.076340,38.239735,74.149742,-29.556454,38.640297,8.581201,4.679309,23.217388,43.219002,0.426684,19.687674,75.462036,-46.107445,74.295815,40.453751,-39.399548,78.479935,8.634374,-37.154461,55.982254,31.308338,-40.885490,77.160995,72.195938
531,4.424000,-0.000330,0.000318,-0.000389,1.000000,-31.707821,28.856636,40.913860,-59.794662,30.249352,1.594400,-2.233443,28.196543,2.820718,-3.759548,27.465862,79.966011,-61.043625,29.514793,79.274414,-59.785797,30.243746,1.617090,-2.297944,28.207844,2.872589,-3.727570,27.459568,79.971428,-61.062504,29.531780,79.113098,1.850060,18.608110,10.541738,-17.879843,29.292721,54.259247,-32.097462,38.232647,74.117157,-29.528412,38.642242,8.562325,4.672104,23.213013,43.215305,0.402026,19.698977,75.451859,-46.160740,74.263756,40.429272,-39.396576,78.483986,8.632944,-37.143364,55.974884,31.295166,-40.925186,77.134254,72.170273
532,4.433000,-0.000329,0.000329,-0.000370,1.000000,-31.706303,28.858427,40.913506,-59.794033,30.250174,1.594645,-2.232709,28.199535,2.819732,-3.757146,27.468616,79.965057,-61.041325,29.515385,79.274689,-59.785378,30.245018,1.617137,-2.295976,28.209957,2.871164,-3.724450,27.462721,79.970207,-61.063068,29.531309,79.114098,1.881669,18.643353,10.519839,-17.893143,29.281595,54.246288,-32.119415,38.220169,74.088646,-29.503834,38.651474,8.541117,4.661199,23.210665,43.211220,0.373162,19.708632,75.445732,-46.215157,74.233971,40.406384,-39.397572,78.489395,8.627606,-37.135971,55.969631,31.281597,-40.966110,77.109489,72.143608
533,4.441000,-0.000330,0.000328,-0.000370,1.000000,-31.706413,28.858644,40.911797,-59.794086,30.250315,1.592895,-2.232766,28.199785,2.818069,-3.757316,27.468910,79.963387,-61.041485,29.515574,79.272934,-59.785484,30.245548,1.614955,-2.296052,28.209469,2.868718,-3.724873,27.463392,79.969093,-61.061649,29.530197,79.114227,1.908082,18.649050,10.517848,-17.919683,29.268826,54.236794,-32.147045,38.198391,74.074768,-29.488188,38.660534,8.523217,4.655917,23.202948,43.206009,0.338849,19.711515,75.444565,-46.257317,74.214294,40.388603,-39.402561,78.493370,8.619974,-37.128845,55.960442,31.264071,-41.009933,77.086502,72.118576
534,4.450000,-0.000370,0.000343,-0.000410,1.000000,-31.704145,28.856695,40.909073,-59.792912,30.247467,1.590911,-2.231714,28.192345,2.814496,-3.753969,27.467846,79.959930,-61.037994,29.519125,79.271057,-59.783726,30.244377,1.615992,-2.283457,28.198009,2.845542,-3.723670,27.464115,79.970078,-61.060478,29.528788,79.115120,1.964519,18.666878,10.517431,-17.943478,29.273462,54.216301,-32.179825,38.165382,74.069954,-29.471973,38.666607,8.503035,4.648468,23.208565,43.201298,0.292704,19.717121,75.441048,-46.323380,74.185112,40.365952,-39.413197,78.499672,8.609031,-37.126148,55.957447,31.249374,-41.085331,77.063278,72.101776
535,4.458000,-0.000372,0.000351,-0.000404,1.000000,-31.704113,28.857208,40.909355,-59.793472,30.247498,1.591605,-2.232236,28.193054,2.814343,-3.753340,27.468840,79.959801,-61.037403,29.519445,79.271767,-59.784561,30.244762,1.616251,-2.283891,28.198130,2.843681,-3.722347,27.465401,79.971626,-61.059887,29.528103,79.115234,2.027354,18.691269,10.509681,-17.957705,29.271624,54.199486,-32.221302,38.130344,74.075211,-29.457632,38.662941,8.487245,4.645863,23.214119,43.201191,0.241594,19.718987,75.431946,-46.376575,74.157730,40.343018,-39.433361,78.501579,8.595148,-37.121311,55.953823,31.238020,-41.153988,77.037933,72.079758
536,4.466000,-0.000392,0.000363,-0.000389,1.000000,-31.702932,28.857195,40.910892,-59.793335,30.245062,1.593798,-2.231997,28.192440,2.815163,-3.751126,27.471235,79.960686,-61.035275,29.520050,79.274025,-59.783077,30.241648,1.619947,-2.284245,28.198538,2.843300,-3.720409,27.467220,79.971893,-61.060734,29.530699,79.115021,2.091769,18.715876,10.505548,-17.969173,29.268166,54.191940,-32.260235,38.105667,74.074654,-29.440403,38.658722,8.477679,4.644137,23.219213,43.202503,0.193204,19.723616,75.426834,-46.431583,74.130592,40.322704,-39.454720,78.495041,8.580185,-37.125702,55.947960,31.226534,-41.205711,77.016403,72.056580
537,4.474000,-0.000403,0.000365,-0.000416,1.000000,-31.703245,28.858974,40.910103,-59.793709,30.247515,1.593080,-2.232489,28.191795,2.814284,-3.751379,27.472342,79.959824,-61.035408,29.524248,79.273315,-59.784508,30.244467,1.617809,-2.283422,28.197210,2.841776,-3.718804,27.468534,79.972862,-61.060760,29.533825,79.116058,2.160136,18.745462,10.498050,-17.978264,29.265291,54.177631,-32.302639,38.082302,74.059883,-29.424393,38.651501,8.467652,4.637886,23.228430,43.204300,0.143837,19.724987,75.422302,-46.483307,74.102821,40.305252,-39.479286,78.486908,8.571653,-37.129131,55.939262,31.215712,-41.252026,76.997192,72.035027
538,4.483000,-0.000394,0.000351,-0.000405,1.000000,-31.703537,28.859627,40.910019,-59.792931,30.248182,1.592225,-2.231687,28.193777,2.815017,-3.752732,27.472982,79.960503,-61.036800,29.523575,79.272423,-59.783150,30.245256,1.616479,-2.285708,28.199181,2.843504,-3.720443,27.469313,79.973984,-61.059940,29.532675,79.115044,2.243009,18.780855,10.494109,-17.985786,29.264748,54.168533,-32.333462,38.078346,74.038818,-29.408138,38.643734,8.453569,4.632435,23.233595,43.206539,0.090703,19.722935,75.414818,-46.567703,74.065575,40.279541,-39.504585,78.472847,8.563886,-37.136974,55.925880,31.203218,-41.325409,76.966751,72.008423
539,4.491000,-0.000394,0.000359,-0.000405,1.000000,-31.704372,28.857988,40.910301,-59.794380,30.246538,1.592952,-2.233124,28.192129,2.814844,-3.752959,27.471348,79.960342,-61.037029,29.521942,79.273163,-59.784733,30.243597,1.617167,-2.285471,28.197268,2.842594,-3.719474,27.467636,79.974701,-61.060333,29.530922,79.115318,2.341297,18.828922,10.498280,-17.994465,29.262573,54.153297,-32.375275,38.065456,74.025627,-29.398951,38.630951,8.445519,4.630957,23.233986,43.210121,0.052521,19.722363,75.409081,-46.644772,74.026833,40.258495,-39.533432,78.456284,8.556378,-37.151447,55.910397,31.195694,-41.413452,76.928734,71.980385
540,4.500000,-0.000398,0.000357,-0.000418,1.000000,-31.705612,28.858456,40.910633,-59.795441,30.247461,1.593170,-2.234247,28.191507,2.815282,-3.754380,27.471363,79.960785,-61.038387,29.523499,79.273384,-59.784119,30.243572,1.616936,-2.286004,28.197161,2.842826,-3.717457,27.466789,79.977043,-61.061478,29.534092,79.115700,2.453132,18.873371,10.500121,-18.002338,29.262123,54.143013,-32.406536,38.043781,74.019684,-29.389248,38.617962,8.437797,4.629325,23.234631,43.211803,0.012531,19.713861,75.401260,-46.753208,73.977242,40.245102,-39.596714,78.411064,8.542500,-37.183216,55.884880,31.185257,-41.521461,76.888199,71.945396
541,4.508000,-0.000391,0.000348,-0.000421,1.000000,-31.704962,28.857349,40.910324,-59.794033,30.247072,1.592353,-2.232879,28.190735,2.815524,-3.754479,27.469549,79.960991,-61.038464,29.522055,79.272530,-59.783237,30.243668,1.616543,-2.285838,28.196203,2.842731,-3.719781,27.465443,79.976646,-61.060810,29.531803,79.114349,2.552944,18.903698,10.501560,-18.005732,29.258183,54.141132,-32.428455,38.024364,74.012932,-29.381243,38.584381,8.430098,4.627020,23.239349,43.211559,-0.022601,19.695827,75.394073,-46.820992,73.919708,40.239368,-39.639519,78.383606,8.532898,-37.220825,55.847496,31.184673,-41.606266,76.873642,71.916901
542,4.516000,-0.000382,0.000350,-0.000446,1.000000,-31.705761,28.855240,40.910675,-59.794945,30.247068,1.592857,-2.233890,28.187841,2.815721,-3.755161,27.465340,79.961182,-61.039047,29.520718,79.273026,-59.782570,30.243237,1.616736,-2.287994,28.193525,2.843138,-3.718809,27.460892,79.977890,-61.060875,29.531012,79.115089,2.688064,18.975195,10.481446,-18.011927,29.251429,54.142273,-32.441586,38.008305,74.001488,-29.378679,38.549500,8.432464,4.630484,23.244190,43.213654,-0.040108,19.688742,75.383469,-46.904354,73.862549,40.234299,-39.686359,78.344635,8.524590,-37.252747,55.820499,31.186462,-41.704441,76.825348,71.907608
543,4.525000,-0.000363,0.000349,-0.000444,1.000000,-31.708080,28.855944,40.908726,-59.797215,30.249155,1.590925,-2.236149,28.190187,2.813792,-3.757530,27.464670,79.959229,-61.041420,29.519770,79.271065,-59.786575,30.245012,1.613684,-2.286685,28.195942,2.842433,-3.719926,27.459776,79.975731,-61.061073,29.530647,79.115837,2.788576,19.030472,10.475879,-18.014217,29.245359,54.141953,-32.454685,37.996857,73.994270,-29.385754,38.502785,8.424283,4.634449,23.252609,43.216187,-0.058597,19.679300,75.375237,-47.009651,73.792282,40.227966,-39.753838,78.287689,8.519613,-37.283886,55.787872,31.179125,-41.796566,76.785027,71.886589
544,4.533000,-0.000334,0.000330,-0.000366,1.000000,-31.704041,28.857595,40.913666,-59.791874,30.248755,1.594862,-2.230537,28.198633,2.819827,-3.754777,27.468369,79.965164,-61.038971,29.514631,79.274910,-59.785110,30.243679,1.615633,-2.287537,28.208096,2.862056,-3.718692,27.462101,79.975906,-61.060410,29.530123,79.116852,2.952265,19.160719,10.487736,-18.017075,29.237324,54.145145,-32.460358,37.986588,73.995995,-29.395336,38.470165,8.425300,4.638801,23.263153,43.219490,-0.057440,19.684570,75.377296,-47.078773,73.734566,40.218540,-39.822998,78.226814,8.512087,-37.312748,55.756004,31.173027,-41.873463,76.740936,71.858505
545,4.541000,-0.000340,0.000322,-0.000386,1.000000,-31.703016,28.857798,40.916214,-59.790207,30.249538,1.596966,-2.228961,28.197197,2.822831,-3.754395,27.467991,79.968147,-61.038502,29.516470,79.277008,-59.785133,30.244762,1.616658,-2.286480,28.206429,2.870246,-3.716312,27.461782,79.978157,-61.059875,29.531380,79.117241,3.171757,19.323702,10.551219,-18.029633,29.222149,54.154385,-32.457207,37.967434,73.998451,-29.408482,38.440273,8.424871,4.641302,23.272507,43.220551,-0.063616,19.676157,75.374695,-47.179764,73.664261,40.205090,-39.889874,78.172264,8.510471,-37.358837,55.721371,31.165218,-41.974522,76.699326,71.844467
546,4.549000,-0.000330,0.000316,-0.000368,1.000000,-31.703209,28.858391,40.917332,-59.789944,30.249954,1.597750,-2.228642,28.199631,2.824316,-3.755048,27.468761,79.969597,-61.039215,29.515223,79.277763,-59.785301,30.244892,1.616804,-2.286309,28.209343,2.871806,-3.715299,27.461985,79.980782,-61.059509,29.530924,79.117516,3.281156,19.365177,10.590284,-18.037132,29.210773,54.161037,-32.445889,37.940826,73.998566,-29.424137,38.402157,8.424802,4.645816,23.281473,43.220963,-0.048331,19.683109,75.375168,-47.273983,73.596207,40.191193,-39.963360,78.111076,8.509736,-37.404179,55.680912,31.162430,-42.084969,76.649292,71.836067
547,4.558000,-0.000324,0.000321,-0.000367,1.000000,-31.703213,28.857235,40.918102,-59.790325,30.249224,1.598805,-2.229005,28.198990,2.824795,-3.754673,27.467182,79.970085,-61.038853,29.513546,79.278824,-59.784794,30.244329,1.618301,-2.288419,28.208506,2.871901,-3.715788,27.460730,79.981300,-61.059231,29.528809,79.116997,3.372814,19.418036,10.604372,-18.041464,29.198002,54.163177,-32.430378,37.909958,74.001289,-29.456261,38.365334,8.415952,4.653238,23.290236,43.220562,-0.025903,19.691721,75.379883,-47.362862,73.530159,40.177826,-40.026047,78.060036,8.518694,-37.479855,55.625660,31.155413,-42.179344,76.606438,71.814476
548,4.566000,-0.000327,0.000331,-0.000363,1.000000,-31.701866,28.856028,40.917892,-59.789776,30.247482,1.599154,-2.228415,28.197748,2.824006,-3.752532,27.466509,79.969322,-61.036743,29.512379,79.279198,-59.782707,30.242458,1.619003,-2.289804,28.207455,2.869029,-3.713882,27.460056,79.981140,-61.058880,29.527893,79.117676,3.418884,19.454912,10.599821,-18.048048,29.187847,54.163540,-32.418949,37.885494,74.005821,-29.502550,38.327518,8.409348,4.655767,23.298302,43.217979,-0.006313,19.696068,75.386368,-47.462494,73.465347,40.162472,-40.112900,77.990051,8.512972,-37.536388,55.576115,31.152401,-42.283974,76.570755,71.823074
549,4.575000,-0.000323,0.000329,-0.000356,1.000000,-31.701534,28.856808,40.917809,-59.789360,30.248186,1.598999,-2.227971,28.199234,2.823994,-3.752288,27.467367,79.969307,-61.036522,29.512453,79.279030,-59.781849,30.243048,1.619845,-2.289375,28.209269,2.869800,-3.716481,27.461132,79.979095,-61.058533,29.528320,79.117958,3.447690,19.484121,10.592128,-18.050770,29.174904,54.164886,-32.401024,37.869991,74.005318,-29.553089,38.282661,8.411027,4.661640,23.304840,43.217327,0.015704,19.699696,75.391525,-47.546989,73.393204,40.154774,-40.192474,77.934212,8.519251,-37.593567,55.523270,31.146235,-42.394299,76.522102,71.825584
550,4.583000,-0.000329,0.000329,-0.000366,1.000000,-31.703838,28.860592,40.915661,-59.791637,30.252113,1.596838,-2.230287,28.201984,2.821857,-3.754622,27.471008,79.967178,-61.038815,29.517273,79.276886,-59.785294,30.247902,1.616945,-2.291028,28.210464,2.871642,-3.718850,27.465704,79.975578,-61.058891,29.530313,79.119019,3.469908,19.499407,10.593998,-18.056511,29.162560,54.165108,-32.384087,37.867607,73.991104,-29.594633,38.244797,8.410278,4.663642,23.310471,43.216335,0.043477,19.711195,75.396507,-47.613728,73.341003,40.150440,-40.261135,77.888901,8.516378,-37.669800,55.460358,31.153923,-42.482300,76.483932,71.813286
551,4.591000,-0.000335,0.000320,-0.000372,1.000000,-31.704861,28.859800,40.915058,-59.791935,30.251152,1.595709,-2.230629,28.200405,2.821785,-3.756365,27.470383,79.967094,-61.040520,29.517265,79.275742,-59.786266,30.246771,1.615505,-2.290626,28.209167,2.871621,-3.720080,27.464788,79.976036,-61.059387,29.530796,79.117340,3.477995,19.501234,10.593660,-18.067303,29.145733,54.168701,-32.367863,37.863434,73.975838,-29.631647,38.213120,8.414959,4.664433,23.314102,43.217117,0.069233,19.720734,75.400085,-47.686653,73.283287,40.147240,-40.339653,77.826981,8.506703,-37.752228,55.398415,31.151754,-42.588093,76.438873,71.821053
552,4.599000,-0.000335,0.000312,-0.000380,1.000000,-31.704193,28.858891,40.915699,-59.790600,30.250710,1.595899,-2.229360,28.199036,2.822906,-3.756350,27.469006,79.968193,-61.040462,29.516819,79.275909,-59.784378,30.246309,1.615699,-2.290554,28.207897,2.873050,-3.719942,27.463436,79.976913,-61.060680,29.530397,79.118088,3.473556,19.496469,10.594810,-18.073063,29.129257,54.172729,-32.358219,37.855747,73.964737,-29.668226,38.184502,8.413770,4.664830,23.315268,43.217503,0.095243,19.731144,75.405869,-47.734531,73.240616,40.146439,-40.419727,77.771172,8.495929,-37.809139,55.349712,31.144583,-42.686417,76.397293,71.832359
553,4.608000,-0.000338,0.000325,-0.000376,1.000000,-31.704374,28.859293,40.914501,-59.791790,30.250641,1.595399,-2.230495,28.199396,2.820963,-3.755534,27.469879,79.966286,-61.039688,29.517263,79.275444,-59.785454,30.246731,1.615573,-2.290642,28.207270,2.870183,-3.719840,27.464897,79.974655,-61.060055,29.529408,79.118256,3.454451,19.484293,10.596903,-18.077312,29.117254,54.175632,-32.353424,37.839394,73.959435,-29.707924,38.158939,8.413362,4.665977,23.318478,43.218483,0.120198,19.739761,75.412460,-47.776459,73.202179,40.147915,-40.492565,77.724976,8.485441,-37.883957,55.289246,31.135283,-42.764809,76.362099,71.840370
554,4.616000,-0.000343,0.000318,-0.000359,1.000000,-31.704744,28.858482,40.914570,-59.791641,30.248484,1.595053,-2.230304,28.199223,2.821466,-3.756416,27.470407,79.966774,-61.040627,29.515823,79.275093,-59.786045,30.244822,1.614767,-2.290256,28.206715,2.872297,-3.720161,27.465599,79.975098,-61.059982,29.527294,79.117867,3.429064,19.470009,10.600424,-18.080425,29.111790,54.175163,-32.354538,37.822929,73.961288,-29.748991,38.132282,8.418019,4.665866,23.320852,43.219860,0.148947,19.755287,75.418098,-47.800808,73.178062,40.151966,-40.568405,77.671394,8.473408,-37.982479,55.229782,31.127388,-42.842651,76.334450,71.859772
555,4.625000,-0.000353,0.000322,-0.000355,1.000000,-31.703245,28.860796,40.913719,-59.790482,30.249748,1.594403,-2.229115,28.200996,2.820385,-3.754580,27.473763,79.965714,-61.038815,29.518682,79.274460,-59.783154,30.245825,1.614998,-2.290196,28.208933,2.869526,-3.719996,27.468914,79.973129,-61.059975,29.530743,79.119652,3.387484,19.445986,10.603256,-18.078787,29.108328,54.170883,-32.362457,37.805862,73.969147,-29.797915,38.104813,8.419930,4.664881,23.325752,43.222069,0.173355,19.765453,75.423393,-47.825794,73.152832,40.159832,-40.667789,77.600029,8.446726,-38.063450,55.186230,31.118172,-42.932983,76.298264,71.888062
556,4.633000,-0.000348,0.000331,-0.000365,1.000000,-31.703619,28.859165,40.914360,-59.791523,30.249149,1.595560,-2.230173,28.199202,2.820492,-3.754291,27.471107,79.965851,-61.038494,29.517210,79.275635,-59.785820,30.245295,1.615539,-2.287829,28.206810,2.867303,-3.717592,27.466042,79.975212,-61.059578,29.529276,79.119041,3.309756,19.388803,10.593031,-18.077072,29.105631,54.166245,-32.376816,37.794937,73.973587,-29.847315,38.084351,8.417452,4.664316,23.329367,43.221695,0.200712,19.782536,75.430092,-47.834126,73.145966,40.168644,-40.733807,77.560738,8.435378,-38.149178,55.150116,31.098261,-42.996059,76.271553,71.905334
557,4.641000,-0.000334,0.000341,-0.000345,1.000000,-31.702745,28.858665,40.915985,-59.791470,30.248594,1.597771,-2.230012,28.200943,2.821529,-3.752598,27.470661,79.966888,-61.036896,29.514467,79.277847,-59.783894,30.244360,1.620231,-2.287514,28.209198,2.867455,-3.719482,27.465609,79.973297,-61.060047,29.527756,79.119865,3.256163,19.358513,10.593131,-18.075947,29.102575,54.169399,-32.399372,37.776287,73.984100,-29.896555,38.071247,8.411400,4.667407,23.328213,43.223293,0.216288,19.788261,75.431892,-47.845158,73.138840,40.178101,-40.793125,77.526535,8.433269,-38.255898,55.113018,31.085909,-43.041744,76.252235,71.906471
558,4.650000,-0.000335,0.000330,-0.000356,1.000000,-31.703365,28.860569,40.914024,-59.791218,30.251030,1.595208,-2.229843,28.202057,2.820194,-3.754079,27.472036,79.965523,-61.038315,29.517159,79.275261,-59.784401,30.247879,1.616607,-2.286940,28.208345,2.865619,-3.720294,27.467999,79.973312,-61.059261,29.527128,79.119530,3.192350,19.323828,10.593567,-18.080385,29.102919,54.173405,-32.426861,37.763412,73.988686,-29.966703,38.069286,8.409759,4.667414,23.329472,43.222313,0.231497,19.793385,75.433800,-47.852524,73.133400,40.191536,-40.887726,77.467003,8.418512,-38.347431,55.065876,31.064257,-43.108513,76.229446,71.930458
559,4.658000,-0.000390,0.000359,-0.000431,1.000000,-31.705326,28.859346,40.909992,-59.795292,30.249769,1.592687,-2.234155,28.192278,2.814498,-3.753951,27.470848,79.959999,-61.037910,29.524502,79.272888,-59.785686,30.248255,1.615236,-2.289123,28.195398,2.845948,-3.719217,27.468502,79.973770,-61.060577,29.529411,79.120277,2.888093,19.076220,10.480334,-18.078876,29.105980,54.176594,-32.449261,37.756130,73.987289,-30.030437,38.053604,8.390242,4.665858,23.332911,43.220989,0.235478,19.793310,75.433403,-47.863869,73.135086,40.218571,-40.956352,77.428345,8.408864,-38.429539,55.034290,31.056610,-43.176327,76.200729,71.955070
560,4.666000,-0.000380,0.000367,-0.000408,1.000000,-31.705130,28.859032,40.909237,-59.795738,30.248886,1.592356,-2.234471,28.194014,2.813294,-3.753123,27.471096,79.958817,-61.037193,29.522137,79.272583,-59.785080,30.247412,1.615336,-2.293326,28.197237,2.845093,-3.719510,27.468872,79.972122,-61.060684,29.526964,79.118279,2.802997,19.050037,10.479657,-18.079519,29.113754,54.179646,-32.469383,37.750927,73.986885,-30.098169,38.044712,8.390899,4.662384,23.336067,43.218864,0.232859,19.790155,75.435150,-47.872189,73.134422,40.247898,-41.026360,77.393166,8.420749,-38.528835,54.994057,31.055397,-43.227589,76.169907,71.971970
561,4.674000,-0.000384,0.000358,-0.000428,1.000000,-31.706009,28.859722,40.908726,-59.795898,30.250406,1.591370,-2.234745,28.193226,2.813289,-3.754714,27.470964,79.958771,-61.038685,29.524303,79.271568,-59.785461,30.249208,1.613904,-2.291877,28.195911,2.844554,-3.719982,27.468964,79.972816,-61.061787,29.528311,79.119278,2.720691,19.031385,10.482706,-18.080439,29.117262,54.184383,-32.488525,37.750793,73.986961,-30.157766,38.031013,8.393177,4.660210,23.335297,43.218624,0.223086,19.782581,75.431793,-47.885796,73.123886,40.275105,-41.096203,77.349518,8.433521,-38.606335,54.955246,31.058609,-43.263321,76.153496,71.985390
562,4.683000,-0.000361,0.000347,-0.000409,1.000000,-31.705519,28.860054,40.908318,-59.794586,30.251440,1.590392,-2.233377,28.196493,2.813500,-3.755039,27.470598,79.958931,-61.039078,29.521688,79.270538,-59.784817,30.249485,1.613451,-2.288859,28.200415,2.844448,-3.722274,27.467892,79.971626,-61.061871,29.527870,79.119171,2.599766,18.978102,10.503097,-18.082796,29.118246,54.191853,-32.504814,37.745754,73.993156,-30.223263,38.034321,8.383354,4.655723,23.331802,43.216698,0.204269,19.766954,75.427834,-47.915672,73.102531,40.298847,-41.181587,77.293793,8.453096,-38.689442,54.916824,31.062275,-43.288883,76.139084,71.988319
563,4.691000,-0.000368,0.000365,-0.000397,1.000000,-31.703264,28.857635,40.910244,-59.793758,30.247799,1.593298,-2.232450,28.194246,2.814394,-3.751361,27.469400,79.959885,-61.035477,29.519112,79.273499,-59.783619,30.245262,1.617552,-2.287790,28.199144,2.844441,-3.718776,27.466139,79.972038,-61.061756,29.527229,79.117218,2.521158,18.949165,10.503052,-18.083845,29.117971,54.199780,-32.514462,37.735023,74.007339,-30.287382,38.020386,8.384852,4.648460,23.329098,43.214512,0.189584,19.754700,75.423622,-47.940765,73.083702,40.316357,-41.238918,77.253944,8.456947,-38.784504,54.870510,31.070951,-43.312199,76.123947,71.999939
564,4.700000,-0.000355,0.000360,-0.000419,1.000000,-31.704369,28.859278,40.907925,-59.794395,30.251709,1.590729,-2.233195,28.195589,2.812362,-3.752935,27.468786,79.957817,-61.036949,29.521040,79.270889,-59.784103,30.249002,1.614218,-2.288436,28.200642,2.841686,-3.719262,27.465305,79.971161,-61.062634,29.529392,79.117844,2.445375,18.918236,10.502995,-18.084724,29.117849,54.208702,-32.520771,37.721008,74.027649,-30.354477,38.001904,8.392690,4.636265,23.328690,43.211666,0.173807,19.742390,75.415627,-47.971977,73.061836,40.332745,-41.309200,77.206963,8.462156,-38.866215,54.824493,31.090895,-43.416199,76.056564,72.049057
565,4.708000,-0.000352,0.000349,-0.000404,1.000000,-31.704622,28.858747,40.909615,-59.793877,30.250540,1.591837,-2.232635,28.196138,2.814662,-3.753963,27.468889,79.960091,-61.038029,29.519430,79.271973,-59.783466,30.247858,1.615337,-2.288534,28.201166,2.844059,-3.720533,27.465448,79.973732,-61.062313,29.527655,79.117981,2.386765,18.899950,10.502483,-18.086937,29.113981,54.215286,-32.522728,37.706383,74.044289,-30.408710,37.981556,8.397959,4.626339,23.327085,43.211521,0.151097,19.725311,75.409065,-48.008965,73.037376,40.352043,-41.396076,77.150940,8.460723,-38.927162,54.791214,31.098938,-43.510017,75.998634,72.120163
566,4.716000,-0.000366,0.000363,-0.000422,1.000000,-31.706377,28.858620,40.909496,-59.796627,30.250395,1.592439,-2.235445,28.193865,2.813774,-3.754723,27.468777,79.959251,-61.038719,29.521450,79.272614,-59.785259,30.248196,1.615284,-2.289377,28.197557,2.843053,-3.717414,27.465761,79.975349,-61.060978,29.527750,79.117760,2.330262,18.883280,10.503665,-18.086769,29.113712,54.236149,-32.514877,37.683834,74.066887,-30.485258,37.943386,8.424583,4.616893,23.320917,43.213623,0.133467,19.714924,75.401237,-48.045818,73.011002,40.365200,-41.466064,77.109070,8.460028,-38.998268,54.762222,31.101313,-43.647789,75.916824,72.227837
567,4.724000,-0.000354,0.000362,-0.000411,1.000000,-31.706636,28.859842,40.909073,-59.796871,30.251894,1.592007,-2.235630,28.196630,2.813372,-3.754994,27.469725,79.958839,-61.039047,29.521128,79.272171,-59.786140,30.249878,1.614339,-2.288601,28.200018,2.843479,-3.716765,27.466822,79.974945,-61.060894,29.526966,79.117844,2.274317,18.866537,10.492824,-18.091656,29.104460,54.249340,-32.507309,37.650795,74.088448,-30.569235,37.902802,8.431859,4.610196,23.316257,43.213497,0.110828,19.698725,75.392616,-48.090557,72.974380,40.373905,-41.517746,77.074730,8.461221,-39.064178,54.726116,31.108614,-43.757614,75.847832,72.284187
568,4.733000,-0.000349,0.000360,-0.000404,1.000000,-31.705212,28.858816,40.909542,-59.795315,30.250954,1.592389,-2.234054,28.196451,2.813950,-3.753701,27.468616,79.959396,-61.037781,29.519255,79.272545,-59.784847,30.248093,1.615482,-2.284192,28.200790,2.841849,-3.716407,27.464956,79.975037,-61.061512,29.527266,79.119781,2.235100,18.859125,10.492776,-18.093988,29.096531,54.254902,-32.499249,37.614620,74.102913,-30.623367,37.890526,8.429001,4.601931,23.313400,43.209328,0.087693,19.683214,75.385078,-48.148434,72.920319,40.381027,-41.582512,77.035141,8.471422,-39.122658,54.683273,31.103292,-43.801113,75.803444,72.296326
569,4.741000,-0.000380,0.000357,-0.000400,1.000000,-31.705301,28.859447,40.909271,-59.795200,30.248863,1.591870,-2.233928,28.194901,2.813873,-3.753993,27.471951,79.959366,-61.038090,29.522085,79.272064,-59.784622,30.246527,1.614733,-2.285128,28.198656,2.842274,-3.716922,27.468792,79.975052,-61.060871,29.528744,79.119926,2.213671,18.856302,10.490338,-18.096254,29.096476,54.255020,-32.494930,37.581299,74.107193,-30.643871,37.888435,8.422663,4.597072,23.312395,43.205166,0.073358,19.677500,75.378952,-48.199890,72.873901,40.383705,-41.642838,76.992210,8.475299,-39.155224,54.648853,31.106926,-43.833878,75.759071,72.297318
570,4.750000,-0.000369,0.000365,-0.000415,1.000000,-31.708452,28.860441,40.910515,-59.798874,30.251541,1.593545,-2.237642,28.195906,2.814686,-3.756630,27.471266,79.960182,-61.040665,29.523056,79.273743,-59.786011,30.249104,1.615998,-2.288152,28.199282,2.842073,-3.718400,27.468163,79.977783,-61.059677,29.529308,79.118294,2.193990,18.846277,10.491291,-18.098083,29.096512,54.250317,-32.492363,37.539738,74.099113,-30.653429,37.874130,8.414602,4.600114,23.303082,43.205311,0.053528,19.671362,75.376862,-48.250397,72.800751,40.385582,-41.719566,76.954224,8.489437,-39.193405,54.603992,31.108809,-43.872948,75.695084,72.309593
571,4.758000,-0.000365,0.000374,-0.000412,1.000000,-31.708591,28.860340,40.910069,-59.799789,30.251604,1.593658,-2.238524,28.196228,2.813655,-3.756001,27.471003,79.959175,-61.040070,29.522530,79.273872,-59.787060,30.248880,1.614888,-2.288429,28.199778,2.841686,-3.716660,27.467649,79.976944,-61.060070,29.529440,79.117241,2.197435,18.846693,10.492300,-18.098961,29.097076,54.243023,-32.502224,37.493805,74.085304,-30.657455,37.860546,8.409764,4.598655,23.302488,43.202286,0.033178,19.665617,75.375137,-48.318115,72.723541,40.384727,-41.763859,76.921959,8.502881,-39.219322,54.567963,31.109800,-43.897362,75.649330,72.310509
572,4.766000,-0.000384,0.000360,-0.000400,1.000000,-31.706991,28.860676,40.909191,-59.797062,30.249813,1.591903,-2.235779,28.195864,2.813676,-3.755516,27.473455,79.959175,-61.039616,29.523581,79.272110,-59.786320,30.247149,1.614265,-2.286111,28.199833,2.842469,-3.716957,27.469957,79.975334,-61.062069,29.530895,79.119316,2.205095,18.844774,10.488447,-18.104332,29.098558,54.227501,-32.514759,37.452778,74.075470,-30.652279,37.835423,8.412269,4.597785,23.303318,43.199970,0.017716,19.662779,75.371376,-48.383717,72.656769,40.379189,-41.816093,76.875458,8.531804,-39.231834,54.531162,31.104433,-43.931637,75.592247,72.311874
573,4.775000,-0.000369,0.000360,-0.000418,1.000000,-31.707932,28.859694,40.909294,-59.798027,30.250963,1.592097,-2.236816,28.194927,2.813703,-3.756434,27.470350,79.959190,-61.040451,29.522535,79.272285,-59.785927,30.247715,1.614643,-2.285476,28.199116,2.840588,-3.717965,27.466499,79.976242,-61.061825,29.530815,79.117897,2.222076,18.848713,10.488463,-18.103281,29.097128,54.217903,-32.530228,37.409004,74.051605,-30.642319,37.801163,8.414550,4.596495,23.304979,43.196732,0.003218,19.658394,75.366714,-48.447842,72.583984,40.371548,-41.877583,76.825584,8.541783,-39.266838,54.482662,31.101715,-43.992542,75.500259,72.304276
574,4.783000,-0.000381,0.000365,-0.000428,1.000000,-31.706873,28.858295,40.909599,-59.797253,30.249184,1.592603,-2.236086,28.192081,2.813792,-3.755084,27.469332,79.959290,-61.039066,29.522593,79.272804,-59.786751,30.246281,1.615716,-2.288331,28.196669,2.842611,-3.718533,27.465630,79.975189,-61.060570,29.530775,79.116890,2.247454,18.860079,10.487063,-18.106985,29.093552,54.212635,-32.581394,37.346020,74.054031,-30.641478,37.744884,8.437966,4.599054,23.304735,43.197544,0.004323,19.663021,75.364594,-48.503666,72.525589,40.370285,-41.945873,76.770302,8.535518,-39.280231,54.443199,31.104439,-44.029964,75.438286,72.299736
575,4.791000,-0.000388,0.000365,-0.000422,1.000000,-31.707434,28.859177,40.908310,-59.797859,30.249197,1.591313,-2.236670,28.192734,2.812487,-3.755605,27.471077,79.958000,-61.039608,29.523706,79.271530,-59.786743,30.246264,1.614087,-2.286291,28.196865,2.840544,-3.717339,27.467367,79.974724,-61.059643,29.531462,79.117432,2.279028,18.873409,10.487480,-18.110851,29.082420,54.211597,-32.623600,37.279537,74.059128,-30.639103,37.701084,8.445796,4.600230,23.304564,43.196533,0.004817,19.662865,75.367691,-48.554317,72.477173,40.383308,-41.993912,76.721138,8.530207,-39.298706,54.398293,31.127743,-44.064468,75.375313,72.295830
576,4.799000,-0.000361,0.000368,-0.000428,1.000000,-31.708012,28.859615,40.908897,-59.798683,30.252075,1.592165,-2.237508,28.194887,2.812841,-3.755939,27.469090,79.958328,-61.039925,29.522415,79.272354,-59.787029,30.248457,1.611258,-2.283126,28.198879,2.839618,-3.717283,27.465176,79.975883,-61.059868,29.531157,79.117622,2.333672,18.900398,10.491334,-18.117350,29.069984,54.210323,-32.666180,37.216431,74.057373,-30.626625,37.668022,8.435268,4.599393,23.306271,43.196964,0.015061,19.668903,75.369774,-48.604946,72.427391,40.397758,-42.037743,76.684074,8.524784,-39.299862,54.354500,31.130623,-44.081074,75.324982,72.292229
577,4.808000,-0.000372,0.000355,-0.000438,1.000000,-31.706179,28.859531,40.908260,-59.795769,30.251720,1.590750,-2.234664,28.193462,2.813015,-3.755179,27.469276,79.958473,-61.039101,29.523676,79.270920,-59.784897,30.249229,1.613540,-2.283129,28.196997,2.840544,-3.717072,27.466005,79.975105,-61.059425,29.530365,79.117165,2.386107,18.921345,10.492220,-18.123167,29.056879,54.210453,-32.713295,37.163582,74.051201,-30.611362,37.631996,8.428957,4.599686,23.307426,43.197979,0.035781,19.680073,75.374092,-48.653423,72.381447,40.400105,-42.104240,76.623505,8.515326,-39.301197,54.323639,31.131390,-44.087185,75.267738,72.297096
578,4.816000,-0.000365,0.000354,-0.000425,1.000000,-31.706625,28.859346,40.909367,-59.796177,30.251390,1.591805,-2.235010,28.194523,2.814162,-3.755668,27.469236,79.959618,-61.039650,29.522245,79.271973,-59.785526,30.247816,1.615155,-2.282109,28.199190,2.840725,-3.718264,27.464993,79.976189,-61.059738,29.531542,79.117455,2.437959,18.950418,10.492961,-18.127928,29.042553,54.208797,-32.783909,37.108532,74.055595,-30.596405,37.598511,8.428473,4.599485,23.313107,43.199554,0.058718,19.690710,75.378754,-48.671818,72.348656,40.396652,-42.152687,76.577087,8.504023,-39.301403,54.297119,31.131721,-44.095154,75.235260,72.291428
579,4.825000,-0.000367,0.000349,-0.000411,1.000000,-31.707069,28.859129,40.908768,-59.796257,30.250145,1.590911,-2.235043,28.194979,2.813870,-3.756475,27.470039,79.959312,-61.040508,29.521360,79.271065,-59.785713,30.246834,1.613643,-2.284122,28.199566,2.841981,-3.718772,27.465954,79.975929,-61.059284,29.530045,79.117241,2.493048,18.980686,10.487272,-18.134138,29.022915,54.211277,-32.855885,37.062046,74.063370,-30.580425,37.554832,8.427878,4.602168,23.318016,43.202503,0.087891,19.700590,75.384682,-48.678856,72.317734,40.390224,-42.219368,76.521812,8.490402,-39.304138,54.266422,31.129009,-44.096447,75.203499,72.291321
580,4.833000,-0.000366,0.000363,-0.000409,1.000000,-31.704092,28.859428,40.909447,-59.794380,30.250391,1.592374,-2.233124,28.195461,2.813724,-3.752401,27.470392,79.959213,-61.036469,29.521475,79.272568,-59.784554,30.247875,1.616642,-2.284402,28.199799,2.840437,-3.719031,27.467138,79.973946,-61.058800,29.529047,79.116974,2.541036,19.006586,10.488700,-18.137201,29.006327,54.213787,-32.938610,37.026810,74.080223,-30.567837,37.527229,8.430166,4.603126,23.323647,43.203037,0.112733,19.704678,75.387505,-48.668777,72.270523,40.379173,-42.260872,76.489677,8.473421,-39.296577,54.230465,31.132374,-44.099991,75.177711,72.288086
581,4.841000,-0.000356,0.000362,-0.000408,1.000000,-31.704554,28.859190,40.908733,-59.794762,30.250921,1.591632,-2.233508,28.196072,2.813062,-3.752944,27.469387,79.958534,-61.037018,29.520380,79.271805,-59.785454,30.248302,1.615074,-2.284520,28.200569,2.841243,-3.718675,27.465960,79.972916,-61.059643,29.528236,79.118637,2.618560,19.063082,10.470193,-18.137371,28.993073,54.225437,-32.994102,36.997749,74.087395,-30.551411,37.477776,8.420854,4.606406,23.330067,43.206306,0.149328,19.719482,75.394920,-48.664440,72.243286,40.370865,-42.305027,76.450745,8.452665,-39.298637,54.206509,31.133068,-44.095936,75.157631,72.283699
582,4.849000,-0.000362,0.000359,-0.000411,1.000000,-31.705317,28.859837,40.908981,-59.795357,30.251240,1.591751,-2.234119,28.196075,2.813437,-3.753874,27.470360,79.958908,-61.037922,29.521673,79.271927,-59.786308,30.248472,1.615198,-2.284298,28.200691,2.841549,-3.719534,27.466780,79.973633,-61.059082,29.529858,79.117943,2.673651,19.096849,10.468128,-18.145779,28.988508,54.218163,-33.056908,36.966236,74.092972,-30.539291,37.447445,8.422812,4.606176,23.343559,43.208366,0.173368,19.723480,75.400764,-48.651016,72.232368,40.366611,-42.359505,76.410835,8.428215,-39.300465,54.186260,31.127722,-44.091431,75.140244,72.279289
583,4.858000,-0.000363,0.000359,-0.000422,1.000000,-31.706324,28.859657,40.908138,-59.796261,30.251640,1.590851,-2.235070,28.195194,2.812651,-3.754982,27.469604,79.958115,-61.038994,29.522196,79.271027,-59.786900,30.248911,1.613792,-2.287603,28.199959,2.842065,-3.720706,27.466049,79.972580,-61.059994,29.530291,79.118225,2.719289,19.117729,10.469851,-18.146780,28.987280,54.211910,-33.134014,36.924057,74.099525,-30.529541,37.418182,8.421787,4.605717,23.357807,43.212093,0.202655,19.734472,75.403160,-48.634590,72.227310,40.362000,-42.407169,76.368156,8.403499,-39.306850,54.157768,31.103474,-44.073368,75.131699,72.267143
584,4.866000,-0.000350,0.000346,-0.000398,1.000000,-31.706070,28.858805,40.908371,-59.795059,30.250443,1.590407,-2.233809,28.196722,2.813625,-3.755668,27.469101,79.959038,-61.039753,29.518963,79.270523,-59.785622,30.247425,1.613923,-2.285369,28.201872,2.841414,-3.722566,27.465321,79.973488,-61.060341,29.527813,79.118011,2.759006,19.140738,10.468183,-18.147205,28.983488,54.210617,-33.195217,36.890759,74.099823,-30.524254,37.398872,8.422332,4.612825,23.376783,43.217464,0.219912,19.738535,75.408745,-48.616844,72.217758,40.357582,-42.453663,76.333122,8.383727,-39.309902,54.141491,31.089247,-44.072754,75.118538,72.262077
585,4.875000,-0.000317,0.000327,-0.000368,1.000000,-31.703972,28.859806,40.912231,-59.791599,30.252367,1.593322,-2.230263,28.202003,2.818534,-3.754929,27.469189,79.963829,-61.039116,29.515675,79.273346,-59.783970,30.248043,1.614958,-2.287755,28.210285,2.860689,-3.721117,27.463951,79.972946,-61.060852,29.528948,79.117737,2.892267,19.249182,10.480265,-18.147369,28.981781,54.210957,-33.237072,36.862675,74.103668,-30.540329,37.359867,8.433374,4.617137,23.393206,43.218914,0.241871,19.748617,75.413490,-48.581776,72.230225,40.331764,-42.487411,76.295815,8.354152,-39.316917,54.126148,31.079084,-44.070934,75.101860,72.260361
586,4.883000,-0.000330,0.000321,-0.000353,1.000000,-31.704872,28.859924,40.912056,-59.792030,30.250654,1.592746,-2.230650,28.202019,2.818757,-3.756294,27.471128,79.964050,-61.040527,29.515907,79.272774,-59.786243,30.245983,1.613668,-2.285796,28.210896,2.865177,-3.722060,27.465469,79.971329,-61.061775,29.530203,79.118752,3.070041,19.383678,10.551325,-18.149557,28.982044,54.210590,-33.260952,36.845856,74.101555,-30.552557,37.325493,8.440244,4.622209,23.402174,43.220154,0.250581,19.750265,75.414154,-48.558109,72.231453,40.311073,-42.521095,76.267624,8.331142,-39.325863,54.111069,31.068632,-44.073006,75.088928,72.257698
587,4.891000,-0.000319,0.000319,-0.000354,1.000000,-31.704262,28.860941,40.911644,-59.791302,30.252537,1.592284,-2.229932,28.203800,2.818418,-3.755796,27.471283,79.963684,-61.040020,29.516151,79.272285,-59.785973,30.248386,1.612929,-2.285442,28.211826,2.866040,-3.720912,27.466089,79.971161,-61.060898,29.529053,79.116776,3.127905,19.399067,10.586074,-18.159857,28.982309,54.204899,-33.281837,36.830696,74.098907,-30.549517,37.316605,8.424981,4.626522,23.405415,43.219589,0.261770,19.758230,75.418541,-48.520123,72.213753,40.302830,-42.571362,76.224213,8.302362,-39.332699,54.094040,31.059753,-44.082928,75.066208,72.258087
588,4.900000,-0.000312,0.000324,-0.000346,1.000000,-31.704771,28.860336,40.911655,-59.792202,30.252087,1.592579,-2.230796,28.204256,2.818134,-3.755915,27.470526,79.963417,-61.040176,29.514486,79.272583,-59.786777,30.247068,1.613463,-2.285519,28.213680,2.863482,-3.721470,27.464434,79.971710,-61.060123,29.529837,79.116478,3.145084,19.406240,10.588434,-18.150414,28.985300,54.209335,-33.289986,36.824459,74.095970,-30.547699,37.312080,8.405036,4.629694,23.412981,43.216793,0.266832,19.763512,75.417343,-48.491230,72.195320,40.301388,-42.616619,76.183502,8.270783,-39.341408,54.073257,31.046814,-44.100075,75.030571,72.246414
589,4.908000,-0.000327,0.000318,-0.000353,1.000000,-31.705015,28.859749,40.913467,-59.791992,30.250675,1.594034,-2.230618,28.202087,2.820301,-3.756616,27.470757,79.965584,-61.040848,29.515484,79.274048,-59.784828,30.246347,1.616536,-2.286097,28.210363,2.864818,-3.724735,27.465639,79.972084,-61.061066,29.528847,79.118279,3.152189,19.408937,10.586246,-18.149570,28.987890,54.208267,-33.286034,36.814941,74.090950,-30.555233,37.296913,8.396127,4.631596,23.419373,43.215878,0.265983,19.765633,75.415482,-48.470436,72.188805,40.296967,-42.661331,76.141579,8.246529,-39.349033,54.057930,31.041340,-44.097923,75.019966,72.242409
590,4.916000,-0.000340,0.000326,-0.000349,1.000000,-31.705126,28.859196,40.913589,-59.792728,30.248884,1.594561,-2.231321,28.200781,2.819973,-3.756100,27.471432,79.965302,-61.040367,29.515690,79.274605,-59.785378,30.244514,1.617085,-2.287529,28.209135,2.863500,-3.723739,27.466255,79.972748,-61.061127,29.529247,79.116745,3.153204,19.409571,10.586094,-18.151617,28.987780,54.206963,-33.278912,36.803314,74.086716,-30.571371,37.273643,8.387860,4.632239,23.423445,43.216167,0.251772,19.757874,75.415428,-48.446541,72.187515,40.293331,-42.699413,76.101936,8.222942,-39.360203,54.037548,31.033648,-44.106205,74.999557,72.240158
591,4.924000,-0.000340,0.000322,-0.000346,1.000000,-31.706316,28.860756,40.912655,-59.793579,30.250273,1.593375,-2.232167,28.202450,2.819306,-3.757629,27.473167,79.964622,-61.041893,29.517147,79.273415,-59.786594,30.246174,1.615438,-2.288644,28.210358,2.863862,-3.725050,27.468235,79.972168,-61.061539,29.529840,79.116119,3.146888,19.405468,10.586361,-18.163046,28.986582,54.202801,-33.267750,36.793259,74.084381,-30.592474,37.252666,8.383865,4.633238,23.421721,43.218193,0.238106,19.754478,75.412498,-48.431572,72.179497,40.286312,-42.731987,76.068703,8.209281,-39.368614,54.017162,31.029016,-44.115700,74.981453,72.237732
592,4.933000,-0.000357,0.000333,-0.000346,1.000000,-31.705723,28.862671,40.911263,-59.793865,30.250824,1.592568,-2.232426,28.203117,2.817273,-3.756163,27.476429,79.962646,-61.040443,29.520311,79.272667,-59.787052,30.247963,1.614766,-2.288000,28.208832,2.862229,-3.723578,27.472759,79.969551,-61.060883,29.529507,79.115982,3.133788,19.401524,10.585992,-18.173166,28.976389,54.202694,-33.247318,36.787804,74.072556,-30.630770,37.197559,8.403801,4.631130,23.418331,43.217514,0.218199,19.748344,75.405350,-48.425198,72.165802,40.280373,-42.759727,76.037796,8.204564,-39.376297,53.994499,31.026005,-44.125351,74.960999,72.232063
593,4.941000,-0.000354,0.000339,-0.000344,1.000000,-31.705084,28.861479,40.911137,-59.793709,30.249783,1.592788,-2.232251,28.202204,2.816784,-3.755045,27.475088,79.962173,-61.039341,29.518843,79.272896,-59.786659,30.246040,1.614819,-2.289023,28.209517,2.861865,-3.722128,27.470510,79.969498,-61.059998,29.530556,79.115616,3.115880,19.388216,10.588209,-18.178495,28.967970,54.201336,-33.228901,36.782688,74.062599,-30.673590,37.152134,8.409702,4.630165,23.414490,43.217083,0.196482,19.738842,75.402748,-48.426350,72.151154,40.277718,-42.783752,76.009705,8.197617,-39.383720,53.977310,31.023926,-44.131123,74.944305,72.229919
594,4.950000,-0.000345,0.000337,-0.000345,1.000000,-31.704166,28.860596,40.912369,-59.792603,30.249712,1.593918,-2.231163,28.202015,2.818141,-3.754309,27.473402,79.963509,-61.038597,29.517263,79.274002,-59.786171,30.245314,1.615258,-2.287590,28.210472,2.864259,-3.720015,27.468056,79.970924,-61.060959,29.530910,79.117630,3.088193,19.371264,10.593614,-18.180355,28.957352,54.200249,-33.209511,36.766720,74.058472,-30.719271,37.121025,8.402857,4.625436,23.408960,43.214504,0.183845,19.740339,75.399818,-48.430363,72.131187,40.277596,-42.838799,75.963142,8.174666,-39.384098,53.950905,31.013075,-44.148731,74.921288,72.226532
595,4.958000,-0.000353,0.000325,-0.000352,1.000000,-31.704517,28.861797,40.912758,-59.792019,30.250662,1.593632,-2.230626,28.202209,2.819228,-3.755590,27.474850,79.964577,-61.039841,29.519472,79.273697,-59.785347,30.246002,1.615227,-2.287410,28.211185,2.865748,-3.722274,27.469301,79.971527,-61.060749,29.533812,79.117432,3.017348,19.314323,10.577103,-18.184324,28.947969,54.198139,-33.192146,36.748131,74.065262,-30.742533,37.102806,8.400301,4.621353,23.400257,43.211884,0.163249,19.730749,75.396416,-48.448742,72.104988,40.276276,-42.880142,75.927429,8.163398,-39.390896,53.933247,31.010782,-44.155476,74.906082,72.225479
596,4.966000,-0.000377,0.000350,-0.000399,1.000000,-31.705359,28.858858,40.909458,-59.794662,30.248425,1.591641,-2.233404,28.194624,2.814505,-3.754642,27.471212,79.959969,-61.038727,29.521183,79.271812,-59.786129,30.246126,1.615019,-2.284618,28.198851,2.844739,-3.720727,27.468079,79.973450,-61.060894,29.528404,79.116478,2.782501,19.119696,10.475204,-18.186054,28.936249,54.200672,-33.178978,36.725510,74.067528,-30.761492,37.086662,8.395339,4.618597,23.389431,43.211895,0.141768,19.720999,75.392929,-48.459797,72.082520,40.272682,-42.906036,75.904190,8.159039,-39.395851,53.913033,31.007803,-44.167301,74.888596,72.224892
597,4.974000,-0.000376,0.000363,-0.000410,1.000000,-31.705194,28.859034,40.908909,-59.795475,30.249271,1.591814,-2.234232,28.194246,2.813202,-3.753507,27.470720,79.958702,-61.037563,29.521906,79.272018,-59.786034,30.246506,1.615591,-2.287150,28.199350,2.842087,-3.720864,27.467186,79.971733,-61.061321,29.530487,79.118553,2.727322,19.086969,10.471395,-18.190607,28.921879,54.201328,-33.161812,36.704834,74.070969,-30.775282,37.065117,8.388299,4.611449,23.373095,43.211693,0.124191,19.713791,75.389496,-48.466171,72.061043,40.268738,-42.929512,75.879204,8.153500,-39.420135,53.886158,31.009602,-44.180210,74.870148,72.226944
598,4.983000,-0.000388,0.000365,-0.000424,1.000000,-31.704908,28.858454,40.909199,-59.795307,30.248604,1.592189,-2.234122,28.191944,2.813393,-3.753102,27.470222,79.958900,-61.037098,29.523048,79.272400,-59.784897,30.245199,1.615579,-2.288255,28.197798,2.841763,-3.719084,27.466055,79.973389,-61.060272,29.532982,79.119476,2.669365,19.071562,10.471208,-18.192633,28.904510,54.205990,-33.130276,36.688915,74.066025,-30.785612,37.047653,8.386333,4.603162,23.358845,43.214706,0.108591,19.709850,75.384789,-48.474415,72.037437,40.266891,-42.952583,75.859009,8.151821,-39.432003,53.863071,31.011030,-44.186325,74.855629,72.230492
599,4.991000,-0.000379,0.000366,-0.000429,1.000000,-31.705526,28.857847,40.909370,-59.796024,30.249008,1.592469,-2.234858,28.191706,2.813470,-3.753626,27.468613,79.958969,-61.037601,29.522070,79.272667,-59.784645,30.245527,1.615322,-2.288067,28.197025,2.842016,-3.716946,27.464394,79.975014,-61.059277,29.531494,79.119781,2.619135,19.058327,10.473767,-18.195280,28.885921,54.218681,-33.114426,36.680611,74.054268,-30.791164,37.035690,8.386304,4.599133,23.349548,43.216351,0.098388,19.709091,75.381912,-48.483921,72.021301,40.265560,-42.979210,75.837997,8.152400,-39.443115,53.844810,31.010670,-44.198547,74.843857,72.233643
600,5.000000,-0.000363,0.000362,-0.000425,1.000000,-31.705418,28.856541,40.910198,-59.795593,30.248711,1.593092,-2.234411,28.191906,2.814522,-3.753838,27.466303,79.959999,-61.037838,29.519249,79.273277,-59.783318,30.244371,1.616428,-2.285571,28.197702,2.841713,-3.716319,27.461390,79.976891,-61.058762,29.530323,79.118362,2.530064,19.004463,10.494049,-18.195271,28.878441,54.221310,-33.099205,36.667519,74.042816,-30.786015,37.028866,8.377871,4.595723,23.343060,43.217030,0.087570,19.705751,75.379921,-48.489742,72.004341,40.267979,-43.011501,75.809021,8.147191,-39.453384,53.830601,31.014717,-44.213181,74.822968,72.242302
601,5.008000,-0.000374,0.000364,-0.000419,1.000000,-31.703451,28.856792,40.911171,-59.793781,30.247725,1.594144,-2.232581,28.191645,2.815408,-3.751719,27.467787,79.960892,-61.035728,29.520025,79.274330,-59.783585,30.244356,1.618400,-2.285162,28.197304,2.842572,-3.717853,27.463680,79.975601,-61.059601,29.530025,79.117233,2.488431,18.985020,10.493463,-18.196136,28.874111,54.221481,-33.090229,36.661404,74.037514,-30.781179,37.027435,8.379674,4.593293,23.337469,43.215622,0.086058,19.708548,75.378304,-48.492622,71.990845,40.270767,-43.046249,75.785568,8.142367,-39.463459,53.814270,31.015278,-44.238316,74.801521,72.261932
602,5.016000,-0.000393,0.000363,-0.000419,1.000000,-31.704266,28.859066,40.910416,-59.794540,30.248510,1.593292,-2.233338,28.192442,2.814722,-3.752589,27.471537,79.960236,-61.036598,29.523785,79.273514,-59.784794,30.246656,1.616911,-2.285243,28.195831,2.843021,-3.717583,27.468868,79.974983,-61.060230,29.529598,79.118065,2.448459,18.960024,10.494779,-18.196640,28.871403,54.218071,-33.090679,36.647644,74.033363,-30.777925,37.021320,8.380448,4.591677,23.333153,43.213173,0.083013,19.707306,75.378891,-48.493881,71.981964,40.275429,-43.073418,75.767532,8.142037,-39.474411,53.800022,31.016022,-44.256767,74.787689,72.270386
603,5.025000,-0.000412,0.000362,-0.000416,1.000000,-31.704071,28.859446,40.910305,-59.794319,30.247248,1.593104,-2.233097,28.191593,2.814662,-3.752422,27.473549,79.960205,-61.036446,29.525398,79.273346,-59.783470,30.245035,1.617026,-2.287855,28.195616,2.842543,-3.718199,27.470598,79.975334,-61.059444,29.532078,79.116920,2.409392,18.935286,10.495283,-18.198687,28.869169,54.216755,-33.085796,36.639072,74.030739,-30.774530,37.016876,8.383222,4.591273,23.332460,43.210896,0.081891,19.706383,75.378609,-48.479767,71.982910,40.290115,-43.091728,75.758209,8.144662,-39.495129,53.784180,31.036472,-44.276981,74.758324,72.287018
604,5.033000,-0.000408,0.000377,-0.000405,1.000000,-31.703318,28.858631,40.909069,-59.794724,30.246159,1.592690,-2.233434,28.191689,2.812573,-3.750512,27.473009,79.958153,-61.034595,29.523680,79.272964,-59.784573,30.244087,1.616981,-2.287926,28.195715,2.840887,-3.717756,27.470207,79.971550,-61.059578,29.530323,79.116608,2.376680,18.916782,10.495872,-18.200619,28.870592,54.214279,-33.084286,36.628559,74.028976,-30.770046,37.012863,8.383986,4.591956,23.332384,43.207500,0.081153,19.702810,75.381592,-48.474968,71.980019,40.300377,-43.108818,75.752136,8.152726,-39.507408,53.771328,31.038374,-44.292786,74.743179,72.297455
605,5.041000,-0.000406,0.000372,-0.000432,1.000000,-31.704369,28.858706,40.907631,-59.795296,30.247883,1.590967,-2.234131,28.190390,2.811429,-3.752035,27.471443,79.956993,-61.036015,29.525120,79.271225,-59.785652,30.245382,1.614445,-2.287707,28.194967,2.840678,-3.718078,27.468142,79.970917,-61.059689,29.532831,79.116196,2.346109,18.902075,10.495538,-18.190634,28.855606,54.201942,-33.084084,36.623280,74.027046,-30.767101,37.010796,8.386027,4.592998,23.332497,43.204929,0.088937,19.706726,75.379166,-48.475071,71.978073,40.307816,-43.132942,75.749031,8.174465,-39.515465,53.766228,31.038778,-44.312405,74.729713,72.308739
606,5.049000,-0.000411,0.000334,-0.000417,1.000000,-31.709246,28.859020,40.901382,-59.797253,30.246908,1.582587,-2.236116,28.191153,2.807412,-3.759813,27.473036,79.952858,-61.043800,29.524988,79.262756,-59.787285,30.243603,1.598586,-2.287815,28.195583,2.840673,-3.717863,27.468849,79.970612,-61.060375,29.533091,79.115662,2.325391,18.895494,10.496812,-18.190968,28.854639,54.199909,-33.086235,36.618076,74.027077,-30.763603,37.011124,8.387146,4.594943,23.332272,43.203247,0.099914,19.711758,75.385162,-48.472618,71.973763,40.316166,-43.152981,75.719322,8.177517,-39.524239,53.759850,31.036467,-44.326012,74.718452,72.316116
607,5.058000,-0.000410,0.000355,-0.000411,1.000000,-31.704849,28.859402,40.907097,-59.794521,30.247101,1.589486,-2.233309,28.191957,2.811891,-3.753767,27.473604,79.957405,-61.037804,29.524950,79.269707,-59.784931,30.244810,1.612362,-2.287564,28.196255,2.842429,-3.719334,27.470497,79.970818,-61.062366,29.532093,79.116058,2.294919,18.879122,10.490526,-18.191713,28.848675,54.202007,-33.090355,36.608658,74.030075,-30.763138,37.011166,8.387196,4.594820,23.334703,43.203705,0.113943,19.717293,75.388268,-48.469494,71.969421,40.325558,-43.184525,75.719826,8.195057,-39.537140,53.753654,31.033880,-44.341721,74.702507,72.325172
608,5.066000,-0.000385,0.000370,-0.000425,1.000000,-31.706104,28.859335,40.908154,-59.796906,30.249756,1.591444,-2.235717,28.193007,2.812037,-3.753895,27.470837,79.957558,-61.037899,29.523750,79.271660,-59.785564,30.246275,1.614740,-2.286984,28.198055,2.839842,-3.716369,27.466635,79.973534,-61.061825,29.533178,79.117165,2.303608,18.888811,10.496302,-18.191540,28.846874,54.200989,-33.093418,36.601788,74.031601,-30.766668,37.010456,8.390262,4.594624,23.337648,43.206020,0.130698,19.724676,75.390915,-48.468979,71.966629,40.333481,-43.202557,75.692856,8.198486,-39.546413,53.748215,31.037724,-44.352043,74.694473,72.335358
609,5.075000,-0.000398,0.000366,-0.000405,1.000000,-31.704378,28.859034,40.907974,-59.794975,30.247303,1.591036,-2.233708,28.192833,2.812076,-3.752378,27.472672,79.957603,-61.036457,29.523331,79.271271,-59.784500,30.244843,1.614950,-2.286304,28.197176,2.838809,-3.718768,27.469482,79.972206,-61.060089,29.530684,79.119316,2.295254,18.878790,10.490975,-18.192068,28.842037,54.203667,-33.094612,36.591171,74.033096,-30.773193,37.010559,8.391729,4.594158,23.339502,43.208115,0.145137,19.725840,75.396194,-48.466267,71.963913,40.343960,-43.239151,75.677322,8.220717,-39.557644,53.740456,31.040821,-44.366150,74.682793,72.350784
610,5.083000,-0.000404,0.000367,-0.000403,1.000000,-31.703850,28.858292,40.909439,-59.794502,30.245987,1.592523,-2.233225,28.191748,2.813515,-3.751796,27.472502,79.959061,-61.035885,29.522938,79.272766,-59.784615,30.243731,1.616235,-2.287877,28.196117,2.843066,-3.719152,27.469503,79.971939,-61.059940,29.530052,79.119133,2.317991,18.893831,10.499377,-18.193010,28.838963,54.204910,-33.099289,36.584454,74.039619,-30.782341,37.008411,8.393082,4.594082,23.340462,43.209236,0.162913,19.732206,75.397736,-48.460545,71.959763,40.352474,-43.262962,75.664917,8.227205,-39.567463,53.731812,31.041416,-44.386711,74.674995,72.359634
611,5.091000,-0.000387,0.000367,-0.000394,1.000000,-31.705084,28.859520,40.909698,-59.795795,30.248096,1.592848,-2.234471,28.194851,2.813715,-3.752971,27.472857,79.959251,-61.037098,29.522282,79.273079,-59.786499,30.246073,1.615976,-2.287954,28.198696,2.843950,-3.718502,27.469995,79.973183,-61.060120,29.528692,79.117935,2.331251,18.898354,10.499772,-18.188372,28.824604,54.213696,-33.098721,36.578125,74.042290,-30.808195,36.994995,8.403436,4.593450,23.341808,43.210209,0.176855,19.737093,75.398514,-48.456074,71.958717,40.358784,-43.296738,75.645706,8.224603,-39.576332,53.726597,31.039864,-44.392864,74.670944,72.370018
612,5.099000,-0.000371,0.000369,-0.000391,1.000000,-31.703096,28.859293,40.909904,-59.793938,30.248911,1.593181,-2.232593,28.195976,2.813816,-3.750858,27.471596,79.959320,-61.035007,29.520697,79.273392,-59.784252,30.246490,1.617348,-2.285758,28.200508,2.842152,-3.717916,27.468418,79.972664,-61.059845,29.528374,79.117409,2.354975,18.911331,10.500218,-18.194565,28.825867,54.209824,-33.101917,36.576523,74.041710,-30.820555,36.998863,8.401616,4.593160,23.345657,43.211643,0.192727,19.744781,75.400841,-48.446941,71.957573,40.360210,-43.327183,75.627403,8.215478,-39.588417,53.721870,31.042803,-44.406288,74.661026,72.377190
613,5.108000,-0.000364,0.000371,-0.000401,1.000000,-31.704082,28.859829,40.908791,-59.795021,30.250555,1.592180,-2.233720,28.196520,2.812591,-3.751740,27.471029,79.958092,-61.035847,29.521221,79.272392,-59.786457,30.248779,1.615729,-2.285225,28.199991,2.842531,-3.718148,27.468437,79.970924,-61.060356,29.527145,79.117401,2.387604,18.928526,10.496606,-18.189358,28.813808,54.215343,-33.104862,36.574883,74.040710,-30.831844,37.007824,8.395923,4.592780,23.352354,43.214676,0.199343,19.745018,75.407394,-48.438061,71.958595,40.360752,-43.359486,75.612244,8.209558,-39.595295,53.711636,31.039873,-44.419567,74.652664,72.384819
614,5.116000,-0.000376,0.000363,-0.000422,1.000000,-31.704321,28.860426,40.908680,-59.794628,30.251413,1.591638,-2.233446,28.194927,2.812931,-3.752610,27.471363,79.958420,-61.036610,29.524004,79.271828,-59.784294,30.249786,1.615261,-2.289154,28.198259,2.842145,-3.719453,27.469000,79.972031,-61.060577,29.529263,79.117836,2.418695,18.945202,10.498310,-18.188858,28.809753,54.215889,-33.108509,36.572861,74.036392,-30.844841,37.008343,8.391495,4.593716,23.357079,43.215229,0.205243,19.746866,75.406235,-48.426987,71.958832,40.360893,-43.393501,75.590950,8.204016,-39.616127,53.700615,31.034359,-44.433025,74.643974,72.392120
615,5.125000,-0.000373,0.000355,-0.000403,1.000000,-31.706291,28.860235,40.909382,-59.795998,30.250406,1.591876,-2.234748,28.196079,2.814114,-3.755170,27.471987,79.959579,-61.039246,29.522476,79.272057,-59.786446,30.247644,1.615018,-2.288260,28.201012,2.843792,-3.720854,27.468401,79.973724,-61.062027,29.530828,79.117752,2.456427,18.962746,10.495388,-18.189903,28.808475,54.215450,-33.105431,36.569916,74.035301,-30.861982,37.004177,8.391621,4.593678,23.361879,43.215866,0.211111,19.750490,75.408722,-48.410366,71.956810,40.362263,-43.427723,75.568726,8.196639,-39.632229,53.693974,31.034481,-44.453766,74.631973,72.398338
616,5.133000,-0.000391,0.000360,-0.000409,1.000000,-31.705332,28.858398,40.909077,-59.795391,30.247467,1.591784,-2.234158,28.192499,2.813560,-3.753868,27.471245,79.959068,-61.037910,29.522392,79.271988,-59.785549,30.244785,1.615286,-2.288925,28.197464,2.843168,-3.720344,27.467772,79.972977,-61.060799,29.530642,79.116074,2.500247,18.988668,10.494804,-18.191156,28.811935,54.214279,-33.108131,36.562386,74.038292,-30.877764,36.995468,8.391611,4.593451,23.363029,43.216278,0.205021,19.746655,75.408119,-48.403568,71.953423,40.363266,-43.451675,75.552917,8.190599,-39.639336,53.683071,31.028934,-44.468719,74.618202,72.405296
617,5.141000,-0.000378,0.000348,-0.000419,1.000000,-31.705336,28.861341,40.908318,-59.794472,30.251989,1.590422,-2.233303,28.195930,2.813452,-3.754780,27.472614,79.958908,-61.038788,29.524836,79.270592,-59.783916,30.249971,1.613712,-2.289127,28.199806,2.842584,-3.721100,27.469843,79.973450,-61.060703,29.531006,79.116974,2.540365,19.010601,10.495049,-18.189678,28.813940,54.215260,-33.106930,36.552246,74.039833,-30.891624,36.989155,8.390033,4.596379,23.362692,43.213779,0.205458,19.750170,75.406494,-48.397903,71.950233,40.363838,-43.478313,75.533371,8.187264,-39.665886,53.659966,31.030518,-44.480659,74.607895,72.412750
618,5.150000,-0.000390,0.000365,-0.000430,1.000000,-31.705379,28.859901,40.908390,-59.795807,30.250164,1.591408,-2.234647,28.192854,2.812552,-3.753546,27.471558,79.958069,-61.037518,29.525036,79.271629,-59.785305,30.247784,1.615124,-2.288201,28.197075,2.840269,-3.719515,27.468428,79.973083,-61.059727,29.532124,79.117401,2.620862,19.067017,10.476290,-18.190006,28.814920,54.215004,-33.108124,36.545658,74.038635,-30.902985,36.981781,8.388330,4.599094,23.362251,43.210880,0.192438,19.741621,75.401512,-48.390926,71.945137,40.361832,-43.505676,75.512886,8.182226,-39.681355,53.645020,31.030645,-44.494667,74.595276,72.418533
619,5.158000,-0.000389,0.000364,-0.000420,1.000000,-31.704628,28.858624,40.910042,-59.794964,30.248466,1.592979,-2.233768,28.192286,2.814290,-3.752884,27.470699,79.959801,-61.036896,29.523050,79.273186,-59.784283,30.245167,1.616858,-2.289454,28.198219,2.842492,-3.719765,27.466663,79.974075,-61.060333,29.532927,79.117790,2.659554,19.083336,10.474849,-18.196438,28.826927,54.207920,-33.105026,36.544563,74.037979,-30.910555,36.977009,8.387167,4.605010,23.376038,43.208321,0.187345,19.740311,75.401352,-48.383839,71.945412,40.360935,-43.530376,75.493782,8.172157,-39.692719,53.636456,31.029966,-44.536404,74.582253,72.441048
620,5.166000,-0.000393,0.000359,-0.000420,1.000000,-31.705502,28.858757,40.908794,-59.795486,30.248320,1.591471,-2.234301,28.192081,2.813313,-3.754109,27.471109,79.958817,-61.038113,29.523525,79.271683,-59.783997,30.245459,1.615380,-2.287750,28.196764,2.840199,-3.719236,27.467558,79.974548,-61.060661,29.531622,79.117455,2.701794,19.104795,10.472558,-18.197254,28.828871,54.206509,-33.106987,36.540108,74.037170,-30.917215,36.970165,8.386409,4.609546,23.381845,43.207588,0.180110,19.737303,75.399361,-48.365749,71.944984,40.359867,-43.566792,75.464539,8.157218,-39.706207,53.624268,31.025934,-44.556210,74.568207,72.451004
621,5.174000,-0.000391,0.000351,-0.000406,1.000000,-31.706676,28.857872,40.909420,-59.796036,30.246738,1.591611,-2.234796,28.192165,2.814433,-3.755906,27.470919,79.959923,-61.039970,29.521671,79.271805,-59.782696,30.242672,1.615373,-2.286339,28.197474,2.840807,-3.718605,27.466381,79.977211,-61.060707,29.531855,79.115685,2.733174,19.120022,10.469139,-18.191870,28.819084,54.213120,-33.110329,36.537880,74.038170,-30.933889,36.949860,8.392340,4.610157,23.381502,43.206795,0.167919,19.730995,75.396698,-48.344551,71.947502,40.358841,-43.596916,75.433853,8.141090,-39.717186,53.611713,31.021484,-44.570263,74.556839,72.452934
622,5.183000,-0.000383,0.000348,-0.000410,1.000000,-31.706715,28.857676,40.910042,-59.795837,30.247444,1.592100,-2.234629,28.192362,2.815214,-3.756180,27.469826,79.960678,-61.040218,29.521078,79.272278,-59.783321,30.244177,1.615695,-2.288231,28.197163,2.842831,-3.719419,27.465921,79.977676,-61.060680,29.529709,79.115395,2.759406,19.132917,10.468715,-18.189980,28.812540,54.214172,-33.127007,36.524498,74.051292,-30.943441,36.934685,8.395739,4.612788,23.378988,43.206230,0.163179,19.733805,75.394653,-48.313568,71.950455,40.357143,-43.626297,75.410446,8.131513,-39.725609,53.587318,31.015009,-44.572727,74.555466,72.460098
623,5.191000,-0.000353,0.000323,-0.000345,1.000000,-31.704367,28.860897,40.912888,-59.791737,30.249327,1.593652,-2.230325,28.201696,2.819469,-3.755567,27.474386,79.964813,-61.039841,29.518187,79.273720,-59.783745,30.245464,1.615073,-2.288333,28.209023,2.859250,-3.719873,27.469486,79.976448,-61.061646,29.530106,79.114914,2.876601,19.234831,10.483843,-18.191662,28.810581,54.212486,-33.136040,36.509060,74.062782,-30.964161,36.928059,8.390526,4.607592,23.372511,43.204762,0.147604,19.726484,75.389084,-48.278118,71.959908,40.357399,-43.646927,75.391052,8.124128,-39.736687,53.571926,31.012842,-44.577827,74.550964,72.464256
624,5.200000,-0.000341,0.000313,-0.000337,1.000000,-31.702354,28.860861,40.915646,-59.788971,30.249769,1.595885,-2.227551,28.203005,2.822795,-3.754303,27.473875,79.968086,-61.038589,29.516804,79.275909,-59.783329,30.245743,1.616597,-2.282851,28.210667,2.866516,-3.717334,27.468630,79.977997,-61.062092,29.529608,79.116417,3.056508,19.369688,10.567024,-18.191654,28.808489,54.211891,-33.148151,36.490967,74.073860,-30.975637,36.917503,8.390333,4.605402,23.364832,43.209438,0.136912,19.724890,75.388306,-48.230465,71.960167,40.356991,-43.677376,75.363525,8.108405,-39.748566,53.560127,31.010336,-44.598976,74.531456,72.467331
625,5.208000,-0.000339,0.000317,-0.000360,1.000000,-31.702650,28.860987,40.914696,-59.789467,30.251385,1.595137,-2.228132,28.202024,2.821648,-3.754404,27.472519,79.966942,-61.038601,29.518028,79.275154,-59.784039,30.247555,1.615203,-2.283806,28.209368,2.865398,-3.716767,27.467361,79.977760,-61.059982,29.530102,79.117188,3.087201,19.365675,10.595274,-18.193432,28.804960,54.213482,-33.159630,36.479885,74.077858,-30.983553,36.903660,8.388442,4.600112,23.365814,43.212597,0.118673,19.714987,75.385185,-48.210182,71.956184,40.361710,-43.704826,75.344482,8.093407,-39.758396,53.547985,31.002008,-44.611107,74.523598,72.470284
626,5.216000,-0.000320,0.000316,-0.000359,1.000000,-31.702761,28.860512,40.914162,-59.789532,30.252329,1.594615,-2.228191,28.203001,2.821124,-3.754562,27.470633,79.966393,-61.038769,29.516092,79.274605,-59.783710,30.248159,1.614570,-2.283734,28.210779,2.863031,-3.716525,27.465069,79.978218,-61.059685,29.528957,79.117775,3.087150,19.365711,10.593557,-18.194031,28.803249,54.211109,-33.171658,36.465218,74.071327,-30.991831,36.889484,8.384345,4.604267,23.377939,43.217712,0.110466,19.713184,75.383316,-48.195683,71.953880,40.363998,-43.726749,75.323639,8.086697,-39.769772,53.537601,30.998695,-44.620125,74.514496,72.473320
627,5.224000,-0.000311,0.000310,-0.000351,1.000000,-31.703463,28.860092,40.915672,-59.789806,30.252224,1.595840,-2.228457,28.203756,2.822959,-3.755686,27.469904,79.968193,-61.039913,29.514494,79.275803,-59.784256,30.247419,1.615483,-2.285269,28.212776,2.866978,-3.717060,27.463575,79.979820,-61.060692,29.529291,79.117134,3.084154,19.364574,10.595407,-18.194803,28.801779,54.210377,-33.187626,36.450378,74.075523,-31.001064,36.877247,8.382659,4.601954,23.376427,43.218155,0.105918,19.713085,75.380241,-48.181141,71.950302,40.365196,-43.748394,75.304504,8.081843,-39.776943,53.513092,30.988581,-44.629227,74.502510,72.477737
628,5.233000,-0.000316,0.000302,-0.000351,1.000000,-31.703264,28.861364,40.914402,-59.788918,30.253033,1.594064,-2.227590,28.204599,2.822206,-3.756166,27.471634,79.967422,-61.040379,29.516199,79.274010,-59.783173,30.249331,1.614217,-2.284184,28.211802,2.866538,-3.719259,27.466684,79.977814,-61.061295,29.527855,79.116714,3.075660,19.359539,10.596276,-18.194118,28.798876,54.212467,-33.202789,36.427185,74.085274,-31.011078,36.862469,8.379114,4.604631,23.379824,43.217735,0.100125,19.708994,75.381157,-48.166336,71.935898,40.369019,-43.785557,75.268326,8.064731,-39.789970,53.498085,30.984381,-44.649967,74.486168,72.480820
629,5.241000,-0.000313,0.000320,-0.000337,1.000000,-31.702406,28.859694,40.915932,-59.789551,30.250814,1.596633,-2.228114,28.204029,2.822649,-3.753832,27.470509,79.967918,-61.038124,29.513424,79.276627,-59.784042,30.246311,1.616951,-2.284307,28.212568,2.867213,-3.716140,27.464670,79.978264,-61.060993,29.527620,79.116234,3.021210,19.316523,10.578989,-18.196022,28.798130,54.214088,-33.215664,36.408535,74.092171,-31.019064,36.854183,8.376260,4.607598,23.384880,43.215008,0.097148,19.705837,75.380478,-48.154156,71.922302,40.374062,-43.813354,75.243721,8.055296,-39.800518,53.483444,30.983765,-44.658546,74.472496,72.482178
630,5.250000,-0.000364,0.000337,-0.000412,1.000000,-31.704756,28.857327,40.911804,-59.793030,30.248732,1.593319,-2.231863,28.193340,2.817583,-3.755063,27.467854,79.962982,-61.039078,29.519388,79.273438,-59.782688,30.245676,1.616286,-2.282687,28.197870,2.846611,-3.717184,27.463966,79.979324,-61.060028,29.527813,79.116158,2.785766,19.117727,10.469984,-18.194880,28.795593,54.213684,-33.225605,36.391472,74.098495,-31.022537,36.841862,8.373518,4.609392,23.386591,43.209339,0.095993,19.703568,75.380836,-48.139198,71.913101,40.379456,-43.834137,75.222870,8.051255,-39.812813,53.463352,30.981195,-44.668751,74.458664,72.484924
631,5.258000,-0.000360,0.000354,-0.000424,1.000000,-31.707775,28.857861,40.910851,-59.797310,30.250145,1.593292,-2.236143,28.193470,2.815655,-3.756830,27.467510,79.961105,-61.040817,29.520321,79.273453,-59.784325,30.246078,1.615155,-2.285904,28.198360,2.842947,-3.718406,27.463064,79.978882,-61.060112,29.530251,79.115913,2.760319,19.107294,10.468573,-18.195358,28.793663,54.212605,-33.230293,36.377247,74.099052,-31.026575,36.836079,8.373057,4.612092,23.383024,43.205566,0.105622,19.711525,75.383415,-48.123695,71.908310,40.384167,-43.848412,75.205711,8.047958,-39.822342,53.453243,30.983002,-44.673546,74.447098,72.489929
632,5.266000,-0.000359,0.000357,-0.000406,1.000000,-31.705847,28.857634,40.911407,-59.795727,30.249054,1.594064,-2.234477,28.194389,2.815989,-3.754562,27.468145,79.961441,-61.038624,29.518953,79.274223,-59.782619,30.244736,1.617762,-2.286535,28.200102,2.842894,-3.716663,27.463320,79.978645,-61.060886,29.529985,79.116455,2.721180,19.101166,10.471521,-18.196426,28.790049,54.214550,-33.230560,36.364647,74.100273,-31.029840,36.826469,8.371759,4.613612,23.379990,43.204178,0.110933,19.714710,75.383759,-48.112526,71.901741,40.385700,-43.865162,75.190170,8.043695,-39.830822,53.438652,30.983105,-44.666332,74.426582,72.493050
633,5.275000,-0.000367,0.000357,-0.000415,1.000000,-31.706593,28.858578,40.910210,-59.796406,30.249844,1.592815,-2.235198,28.194138,2.814829,-3.755367,27.469242,79.960297,-61.039398,29.521095,79.272995,-59.783375,30.246029,1.615085,-2.284653,28.198797,2.841706,-3.716717,27.464993,79.977829,-61.060555,29.530531,79.116356,2.679945,19.096071,10.471693,-18.196512,28.787746,54.215294,-33.231346,36.353226,74.098602,-31.035536,36.816010,8.369207,4.608006,23.369793,43.202831,0.114918,19.716654,75.384468,-48.102985,71.889961,40.389244,-43.887581,75.168297,8.038872,-39.836296,53.427441,30.983629,-44.671719,74.415413,72.494003
634,5.283000,-0.000368,0.000346,-0.000415,1.000000,-31.706694,28.859612,40.909149,-59.795689,30.250841,1.591170,-2.234507,28.195126,2.814385,-3.756285,27.470312,79.959824,-61.040295,29.522181,79.271317,-59.783997,30.248148,1.613962,-2.285379,28.198969,2.842885,-3.717410,27.466837,79.976883,-61.060669,29.529333,79.114861,2.645370,19.081631,10.474448,-18.197437,28.784218,54.214680,-33.228390,36.342609,74.096581,-31.043131,36.804535,8.370904,4.604142,23.364101,43.205639,0.122012,19.721041,75.384155,-48.097038,71.879250,40.391262,-43.909115,75.144897,8.036804,-39.843521,53.410488,30.981695,-44.675594,74.399574,72.500443
635,5.291000,-0.000373,0.000338,-0.000412,1.000000,-31.706381,28.859932,40.910263,-59.794724,30.250629,1.591793,-2.233547,28.195269,2.816000,-3.756621,27.471157,79.961418,-61.040642,29.522675,79.271927,-59.783161,30.247366,1.615124,-2.284978,28.199907,2.844170,-3.718689,27.467165,79.978317,-61.061394,29.531384,79.113899,2.608894,19.058556,10.475845,-18.199926,28.781404,54.213505,-33.227413,36.332542,74.093399,-31.045918,36.777843,8.365490,4.606402,23.373335,43.209976,0.132744,19.726084,75.388046,-48.093456,71.870605,40.392258,-43.930191,75.127457,8.032309,-39.847954,53.398468,30.980062,-44.685070,74.386292,72.504631
636,5.299000,-0.000369,0.000352,-0.000423,1.000000,-31.708639,28.858879,40.910408,-59.798016,30.250406,1.592711,-2.236852,28.193871,2.815342,-3.757849,27.469284,79.960800,-61.041843,29.521965,79.272881,-59.784241,30.247372,1.614194,-2.286397,28.197605,2.842167,-3.719311,27.465809,79.978775,-61.062027,29.529467,79.114243,2.546522,19.013287,10.494351,-18.200226,28.776100,54.214252,-33.223331,36.319000,74.089394,-31.051186,36.760216,8.364690,4.602608,23.371792,43.212849,0.139047,19.726130,75.389008,-48.090767,71.859100,40.393982,-43.948471,75.112244,8.032746,-39.854668,53.385662,30.980406,-44.699818,74.363945,72.510422
637,5.308000,-0.000376,0.000346,-0.000390,1.000000,-31.707710,28.860235,40.908764,-59.796715,30.249384,1.590720,-2.235430,28.196568,2.814057,-3.757292,27.473003,79.959503,-61.041409,29.521994,79.270874,-59.783276,30.245876,1.614343,-2.286543,28.201172,2.840470,-3.719653,27.468973,79.977020,-61.061592,29.530806,79.114304,2.497438,18.986092,10.493764,-18.202681,28.770187,54.212189,-33.220844,36.300930,74.089760,-31.061819,36.747684,8.365949,4.601447,23.380825,43.215614,0.151704,19.731464,75.392326,-48.093678,71.842155,40.398018,-43.978592,75.085136,8.030053,-39.861355,53.370190,30.981874,-44.703342,74.346275,72.516350
638,5.316000,-0.000390,0.000347,-0.000432,1.000000,-31.707991,28.860151,40.907612,-59.796940,30.250612,1.589584,-2.235845,28.193007,2.812874,-3.757620,27.471615,79.958328,-61.041557,29.525381,79.269753,-59.785122,30.248159,1.613742,-2.284877,28.196569,2.838280,-3.721344,27.468496,79.974808,-61.063408,29.531998,79.116516,2.468004,18.972408,10.494508,-18.202278,28.766325,54.212231,-33.216206,36.281540,74.089249,-31.070751,36.736099,8.365001,4.602449,23.385302,43.219189,0.157843,19.731049,75.392731,-48.097210,71.826706,40.403713,-43.996323,75.067177,8.033992,-39.888714,53.348850,30.987179,-44.715294,74.326851,72.519638
639,5.325000,-0.000363,0.000353,-0.000403,1.000000,-31.705946,28.859161,40.909248,-59.795528,30.250067,1.591676,-2.234280,28.195730,2.814064,-3.754950,27.470186,79.959511,-61.039017,29.520676,79.271843,-59.784485,30.247154,1.615464,-2.286265,28.200329,2.841152,-3.719285,27.466553,79.975197,-61.062294,29.528894,79.117470,2.438132,18.955469,10.494854,-18.203112,28.761330,54.212509,-33.216167,36.261539,74.090942,-31.076101,36.724785,8.361260,4.599528,23.371210,43.216812,0.166465,19.732246,75.395844,-48.108231,71.806160,40.406914,-44.021755,75.044647,8.032474,-39.899879,53.327541,30.991251,-44.743153,74.294579,72.534454
640,5.333000,-0.000367,0.000340,-0.000410,1.000000,-31.704536,28.858328,40.909954,-59.793060,30.249310,1.591632,-2.231875,28.194246,2.815551,-3.754589,27.469275,79.960968,-61.038620,29.520491,79.271767,-59.783905,30.247011,1.615355,-2.283858,28.198511,2.844086,-3.722169,27.466223,79.974297,-61.060776,29.527643,79.118752,2.419310,18.946495,10.496829,-18.204433,28.754759,54.213749,-33.213116,36.238235,74.095955,-31.078533,36.714088,8.357084,4.597988,23.361561,43.212227,0.176561,19.735863,75.397705,-48.132793,71.780655,40.410824,-44.042179,75.025391,8.031736,-39.908512,53.313828,30.993610,-44.755234,74.270477,72.536209
641,5.341000,-0.000349,0.000347,-0.000406,1.000000,-31.703154,28.857826,40.911503,-59.792183,30.250019,1.593587,-2.230966,28.195358,2.816710,-3.752708,27.467573,79.962120,-61.036755,29.518370,79.273712,-59.782303,30.246861,1.617466,-2.283787,28.200916,2.844442,-3.719502,27.463650,79.975990,-61.060833,29.527903,79.120010,2.401397,18.936403,10.499046,-18.206594,28.748861,54.216133,-33.209793,36.211987,74.102600,-31.085676,36.701023,8.357431,4.599330,23.354956,43.206543,0.184794,19.738337,75.398804,-48.149315,71.757599,40.410892,-44.060513,75.008430,8.034394,-39.913429,53.295429,30.992702,-44.757317,74.257500,72.537781
642,5.349000,-0.000349,0.000342,-0.000407,1.000000,-31.705019,28.859291,40.911144,-59.793709,30.251562,1.592985,-2.232501,28.196764,2.816603,-3.754911,27.468956,79.961998,-61.038960,29.519886,79.273094,-59.783764,30.249416,1.616953,-2.284286,28.200644,2.843307,-3.722137,27.466085,79.976585,-61.060310,29.526388,79.120728,2.392857,18.934593,10.498438,-18.208500,28.743780,54.212795,-33.204945,36.188393,74.104073,-31.091923,36.689373,8.357880,4.603398,23.352442,43.200092,0.189668,19.737850,75.399910,-48.168526,71.737823,40.410870,-44.079216,74.992935,8.039473,-39.922089,53.281700,31.000147,-44.767403,74.234756,72.536270
643,5.358000,-0.000352,0.000340,-0.000381,1.000000,-31.705904,28.858408,40.911205,-59.794498,30.248960,1.592919,-2.233186,28.197193,2.816793,-3.755888,27.469784,79.962181,-61.040039,29.517704,79.273026,-59.783089,30.246330,1.616650,-2.285309,28.201385,2.843358,-3.720989,27.466473,79.978149,-61.061054,29.524998,79.120758,2.385501,18.931999,10.500171,-18.208948,28.737173,54.212177,-33.197830,36.170925,74.099525,-31.095219,36.674652,8.357121,4.607334,23.348976,43.194668,0.192932,19.740055,75.398911,-48.190712,71.715813,40.411259,-44.107777,74.972847,8.047128,-39.932915,53.262848,31.005863,-44.780457,74.212868,72.538879
644,5.366000,-0.000361,0.000353,-0.000389,1.000000,-31.704967,28.858482,40.912933,-59.794533,30.248737,1.595327,-2.233222,28.196064,2.817789,-3.753999,27.470154,79.963234,-61.038124,29.518986,79.275475,-59.784019,30.245653,1.619525,-2.284455,28.200960,2.844331,-3.719452,27.466370,79.978775,-61.060280,29.527802,79.119637,2.379551,18.927326,10.497910,-18.209515,28.727827,54.216755,-33.190529,36.152874,74.098495,-31.099218,36.667103,8.355320,4.607977,23.348553,43.192448,0.192812,19.742741,75.400421,-48.212288,71.693916,40.415649,-44.135040,74.952774,8.051575,-39.944405,53.234871,31.018171,-44.790020,74.181763,72.540787
645,5.375000,-0.000362,0.000357,-0.000422,1.000000,-31.704975,28.857800,40.911888,-59.794746,30.249908,1.594496,-2.233568,28.193382,2.816516,-3.753793,27.467627,79.961983,-61.037792,29.520290,79.274666,-59.783722,30.246758,1.618727,-2.285679,28.198460,2.842546,-3.719624,27.463806,79.977386,-61.060760,29.529249,79.120949,2.382214,18.928570,10.498640,-18.211121,28.725317,54.214306,-33.186661,36.135033,74.094925,-31.110474,36.628170,8.379136,4.605807,23.348888,43.194454,0.184168,19.738182,75.398865,-48.250534,71.666092,40.420887,-44.156059,74.940331,8.062390,-39.954708,53.211449,31.024519,-44.800529,74.162354,72.541084
646,5.383000,-0.000367,0.000352,-0.000395,1.000000,-31.704880,28.857363,40.910542,-59.794380,30.247557,1.592886,-2.233094,28.194168,2.815440,-3.753975,27.469090,79.960892,-61.038078,29.518641,79.273048,-59.783955,30.244574,1.616989,-2.286565,28.199404,2.842346,-3.721175,27.465397,79.975433,-61.060532,29.527500,79.119080,2.389615,18.931173,10.496274,-18.211021,28.719006,54.212952,-33.180023,36.122208,74.092407,-31.121700,36.605881,8.392932,4.602134,23.348219,43.198143,0.177626,19.736307,75.395325,-48.283966,71.641907,40.422676,-44.175152,74.932381,8.079388,-39.959923,53.198902,31.024757,-44.816990,74.139839,72.543816
647,5.391000,-0.000363,0.000349,-0.000397,1.000000,-31.705511,28.859362,40.909843,-59.794762,30.249935,1.592022,-2.233496,28.196344,2.814925,-3.754848,27.470715,79.960358,-61.038940,29.520464,79.272171,-59.784924,30.247042,1.615560,-2.284577,28.201082,2.842565,-3.720221,27.467049,79.975403,-61.060791,29.528839,79.118713,2.404786,18.940115,10.495708,-18.212635,28.711588,54.211300,-33.175549,36.110897,74.092033,-31.124512,36.599232,8.397095,4.599256,23.347292,43.201630,0.170695,19.733248,75.394562,-48.317547,71.618805,40.427876,-44.195507,74.924995,8.102693,-39.967762,53.189659,31.026295,-44.830627,74.121368,72.546738
648,5.400000,-0.000366,0.000349,-0.000406,1.000000,-31.706392,28.858276,40.909302,-59.795605,30.249130,1.591468,-2.234378,28.194546,2.814388,-3.755766,27.469349,79.959831,-61.039818,29.520088,79.271614,-59.784191,30.246426,1.615516,-2.287526,28.198994,2.840702,-3.721876,27.465988,79.975769,-61.060123,29.527670,79.117989,2.421180,18.946236,10.496168,-18.212940,28.705570,54.211704,-33.170059,36.101753,74.086952,-31.121820,36.599445,8.397245,4.597217,23.349480,43.205853,0.161005,19.727552,75.390800,-48.361153,71.591545,40.431114,-44.213531,74.909180,8.112496,-39.976562,53.180367,31.027552,-44.843887,74.102905,72.546448
649,5.408000,-0.000372,0.000350,-0.000406,1.000000,-31.707405,28.857908,40.908779,-59.796692,30.248255,1.590976,-2.235463,28.193628,2.813822,-3.756711,27.469486,79.959282,-61.040764,29.520269,79.271141,-59.785038,30.245447,1.614581,-2.288801,28.198069,2.841051,-3.721884,27.466007,79.975769,-61.059349,29.527897,79.116867,2.445792,18.960009,10.496302,-18.226959,28.698009,54.221439,-33.165951,36.096317,74.081711,-31.116442,36.596531,8.396164,4.595994,23.351871,43.207962,0.152602,19.722864,75.390312,-48.397991,71.571068,40.435974,-44.234173,74.897423,8.118793,-39.987087,53.167801,31.029324,-44.845100,74.096733,72.550079
650,5.416000,-0.000367,0.000359,-0.000438,1.000000,-31.708380,28.858250,40.909435,-59.798313,30.250866,1.592180,-2.237201,28.192497,2.813926,-3.757048,27.467569,79.959396,-61.040974,29.522074,79.272354,-59.784859,30.247801,1.614959,-2.290944,28.196815,2.842318,-3.718634,27.463840,79.977081,-61.059849,29.529819,79.116653,2.472777,18.975721,10.495045,-18.228998,28.690247,54.224617,-33.157913,36.092342,74.080231,-31.112724,36.594650,8.397338,4.596098,23.355465,43.207928,0.142356,19.718668,75.388596,-48.426548,71.555420,40.439533,-44.258030,74.878761,8.127091,-39.998959,53.160198,31.032372,-44.854824,74.074196,72.558022
651,5.424000,-0.000365,0.000359,-0.000434,1.000000,-31.707832,28.858683,40.909706,-59.797764,30.251196,1.592445,-2.236634,28.193352,2.814198,-3.756493,27.468103,79.959656,-61.040436,29.522085,79.272614,-59.784729,30.248228,1.615399,-2.291692,28.197765,2.843053,-3.718665,27.464443,79.977135,-61.059719,29.529816,79.115532,2.499548,18.989483,10.493652,-18.228935,28.686827,54.226589,-33.155056,36.088879,74.086227,-31.112289,36.589153,8.399608,4.599132,23.356747,43.206818,0.136353,19.717607,75.384476,-48.461006,71.536377,40.444130,-44.284782,74.858940,8.128759,-40.013184,53.153740,31.037384,-44.862072,74.066818,72.561646
652,5.433000,-0.000362,0.000360,-0.000418,1.000000,-31.706678,28.858215,40.910576,-59.796745,30.250000,1.593381,-2.235538,28.194025,2.814996,-3.755203,27.468359,79.960472,-61.039234,29.520479,79.273560,-59.785240,30.246376,1.616583,-2.289492,28.199560,2.843670,-3.718585,27.464014,79.976776,-61.060627,29.530355,79.117271,2.530675,19.010208,10.492673,-18.229095,28.680765,54.228203,-33.150898,36.085304,74.094727,-31.117769,36.586258,8.404721,4.601488,23.360699,43.203384,0.125505,19.710747,75.384102,-48.478249,71.509033,40.448250,-44.304379,74.842552,8.131567,-40.033588,53.141689,31.042570,-44.857548,74.060730,72.564636
653,5.441000,-0.000373,0.000372,-0.000425,1.000000,-31.705225,28.859043,40.910427,-59.796177,30.250422,1.593858,-2.234981,28.193611,2.814183,-3.752872,27.469593,79.959694,-61.036873,29.522552,79.274071,-59.785278,30.248001,1.617860,-2.287586,28.197632,2.841533,-3.717598,27.466434,79.975548,-61.059006,29.529587,79.116913,2.559802,19.029516,10.494380,-18.230116,28.676039,54.231674,-33.146259,36.079987,74.105507,-31.128178,36.584587,8.408246,4.599986,23.363585,43.205284,0.118737,19.706047,75.381386,-48.503357,71.489792,40.454708,-44.312099,74.834831,8.135739,-40.056240,53.132355,31.049902,-44.847252,74.062988,72.565720
654,5.450000,-0.000363,0.000359,-0.000444,1.000000,-31.706560,28.859240,40.910919,-59.796440,30.252487,1.593649,-2.235350,28.193422,2.815428,-3.755274,27.467934,79.960884,-61.039173,29.523125,79.273811,-59.785049,30.249632,1.617114,-2.288538,28.197920,2.843380,-3.719345,27.464354,79.977226,-61.059635,29.531012,79.118034,2.627315,19.085297,10.471853,-18.231319,28.670137,54.236580,-33.137413,36.078323,74.120567,-31.144289,36.581985,8.411871,4.602118,23.364298,43.207352,0.112875,19.700272,75.380867,-48.520920,71.479500,40.464172,-44.321903,74.825378,8.142587,-40.092484,53.117657,31.049421,-44.844109,74.061409,72.568459
655,5.458000,-0.000361,0.000354,-0.000437,1.000000,-31.708447,28.858873,40.909431,-59.798004,30.251858,1.591927,-2.236903,28.193623,2.814195,-3.757480,27.467827,79.959641,-61.041405,29.522192,79.272079,-59.784462,30.249859,1.614748,-2.291247,28.196760,2.842627,-3.719847,27.465101,79.977600,-61.057919,29.527372,79.116264,2.658384,19.106733,10.471962,-18.232269,28.666956,54.240288,-33.132160,36.081154,74.133591,-31.160831,36.575912,8.416725,4.605798,23.375748,43.208786,0.110655,19.696396,75.376038,-48.526943,71.475044,40.471546,-44.324841,74.823936,8.148012,-40.103855,53.111095,31.059391,-44.839687,74.062782,72.568687
656,5.466000,-0.000381,0.000356,-0.000442,1.000000,-31.708515,28.858685,40.910458,-59.798187,30.250347,1.592985,-2.237096,28.191593,2.815151,-3.757435,27.468952,79.960632,-61.041344,29.523859,79.273163,-59.783894,30.247938,1.615577,-2.295238,28.195459,2.844350,-3.719790,27.465862,79.978371,-61.060272,29.530075,79.118668,2.682891,19.123241,10.469678,-18.231974,28.663258,54.244495,-33.125217,36.082386,74.142891,-31.204706,36.564167,8.422903,4.604437,23.388201,43.210693,0.106159,19.689835,75.373871,-48.535126,71.475471,40.478233,-44.326813,74.817528,8.153429,-40.146732,53.093910,31.065277,-44.828678,74.065239,72.571213
657,5.474000,-0.000353,0.000361,-0.000435,1.000000,-31.709803,28.858816,40.909828,-59.799923,30.252304,1.592731,-2.238777,28.194290,2.814168,-3.758281,27.467272,79.959625,-61.042236,29.521408,79.272903,-59.785664,30.249947,1.614381,-2.295122,28.197845,2.844233,-3.718848,27.464172,79.977921,-61.059456,29.527309,79.117920,2.701849,19.138809,10.469152,-18.232330,28.662645,54.248726,-33.121101,36.089592,74.148796,-31.233179,36.557728,8.429935,4.601595,23.388268,43.211460,0.104113,19.684013,75.375908,-48.543110,71.474884,40.482033,-44.326836,74.816750,8.163630,-40.175247,53.086735,31.075266,-44.820423,74.068619,72.572548
658,5.483000,-0.000319,0.000323,-0.000387,1.000000,-31.706390,28.859598,40.912743,-59.793602,30.253082,1.593572,-2.232358,28.200569,2.819312,-3.757751,27.468058,79.964600,-61.041851,29.516685,79.273582,-59.785374,30.249353,1.613269,-2.294485,28.207973,2.861946,-3.720772,27.463118,79.977264,-61.059891,29.527864,79.118889,2.823502,19.250870,10.480181,-18.232826,28.660471,54.250561,-33.111717,36.097614,74.154732,-31.257614,36.556412,8.433120,4.600781,23.396078,43.213432,0.101647,19.677288,75.376038,-48.554382,71.471222,40.488998,-44.329174,74.810371,8.170855,-40.204613,53.077251,31.077581,-44.812099,74.069702,72.570740
659,5.491000,-0.000325,0.000310,-0.000370,1.000000,-31.704670,28.859102,40.914852,-59.790897,30.251158,1.594925,-2.229616,28.200590,2.822206,-3.757015,27.468988,79.967461,-61.041157,29.515684,79.274918,-59.784351,30.246841,1.614652,-2.288939,28.209015,2.866793,-3.720305,27.463373,79.978569,-61.059959,29.528830,79.119125,2.953536,19.346846,10.544524,-18.234352,28.663210,54.253448,-33.101242,36.102413,74.155685,-31.274799,36.554485,8.434948,4.597111,23.399023,43.211735,0.102398,19.674414,75.370461,-48.570938,71.479927,40.500347,-44.327694,74.805672,8.175804,-40.219299,53.069157,31.077778,-44.802040,74.074364,72.567001
660,5.500000,-0.000326,0.000316,-0.000378,1.000000,-31.705797,28.861275,40.913170,-59.792530,30.253654,1.593620,-2.231267,28.202164,2.820128,-3.757635,27.470837,79.965416,-61.041759,29.518456,79.273628,-59.787392,30.250505,1.612753,-2.288957,28.208578,2.866495,-3.720107,27.466324,79.976364,-61.058895,29.528364,79.118698,2.994590,19.350010,10.574816,-18.234617,28.666368,54.255630,-33.089630,36.109879,74.153580,-31.294050,36.551891,8.436487,4.600878,23.408274,43.214470,0.102688,19.668943,75.371864,-48.587612,71.477844,40.510437,-44.327267,74.802513,8.187558,-40.239140,53.060879,31.080774,-44.790390,74.080399,72.561302
661,5.508000,-0.000328,0.000324,-0.000378,1.000000,-31.704533,28.859743,40.913925,-59.791874,30.251949,1.594803,-2.230599,28.200495,2.820423,-3.755760,27.469477,79.965736,-61.039902,29.517061,79.274834,-59.784657,30.248207,1.614841,-2.290559,28.207891,2.863816,-3.718908,27.464523,79.977158,-61.060219,29.528618,79.118469,3.004753,19.359299,10.572494,-18.233892,28.669109,54.259377,-33.074844,36.110531,74.148979,-31.310677,36.548901,8.439737,4.601901,23.416706,43.216354,0.107345,19.665476,75.370697,-48.607044,71.468628,40.515202,-44.324749,74.803253,8.195399,-40.253620,53.052128,31.086462,-44.783596,74.077866,72.554634
662,5.516000,-0.000317,0.000324,-0.000390,1.000000,-31.704824,28.859701,40.913601,-59.792137,30.253490,1.594514,-2.230906,28.200594,2.820089,-3.756085,27.467861,79.965378,-61.040176,29.516867,79.274529,-59.784966,30.249268,1.614222,-2.291145,28.208838,2.863691,-3.718774,27.462339,79.977089,-61.060165,29.529720,79.118912,3.009419,19.366301,10.569264,-18.233467,28.670988,54.259918,-33.063622,36.111061,74.143860,-31.324369,36.550434,8.436657,4.602002,23.420630,43.219837,0.118045,19.668861,75.371262,-48.643738,71.450081,40.518497,-44.323776,74.799973,8.204486,-40.273182,53.045834,31.077805,-44.779472,74.077080,72.546707
663,5.525000,-0.000342,0.000321,-0.000344,1.000000,-31.705132,28.859783,40.913731,-59.792336,30.249060,1.594403,-2.230921,28.201448,2.820429,-3.756505,27.472427,79.965744,-61.040771,29.516203,79.274437,-59.784912,30.245644,1.614459,-2.291874,28.208382,2.865045,-3.720634,27.467913,79.976410,-61.060184,29.526737,79.119507,3.059219,19.409863,10.587254,-18.233343,28.671524,54.260742,-33.043972,36.112976,74.142059,-31.334940,36.549831,8.438794,4.602087,23.426287,43.221985,0.127690,19.676060,75.373169,-48.677517,71.432022,40.521927,-44.317932,74.798515,8.214358,-40.284260,53.040047,31.074205,-44.766521,74.082077,72.524719
664,5.533000,-0.000360,0.000325,-0.000351,1.000000,-31.703981,28.859955,40.915520,-59.791504,30.248222,1.596385,-2.230108,28.199907,2.821985,-3.755033,27.473604,79.967346,-61.039280,29.518095,79.276466,-59.783833,30.245367,1.616356,-2.291448,28.205799,2.865457,-3.718026,27.469614,79.979065,-61.059486,29.527065,79.120216,3.062792,19.410648,10.588501,-18.231268,28.667507,54.261009,-33.017185,36.120876,74.132103,-31.342628,36.547565,8.439304,4.601177,23.429197,43.223312,0.133499,19.679924,75.376091,-48.713406,71.415970,40.524876,-44.313465,74.797264,8.220811,-40.291397,53.026516,31.073982,-44.759663,74.081764,72.515259
665,5.541000,-0.000343,0.000328,-0.000349,1.000000,-31.704866,28.860882,40.914585,-59.792614,30.250320,1.595652,-2.231199,28.202215,2.820867,-3.755698,27.473370,79.966209,-61.039959,29.517633,79.275719,-59.786194,30.247074,1.615545,-2.289174,28.208654,2.863947,-3.718893,27.468893,79.977730,-61.058807,29.527742,79.120171,3.059493,19.407173,10.589940,-18.234577,28.668196,54.260052,-32.999187,36.124977,74.118591,-31.347820,36.542686,8.436893,4.601433,23.428631,43.224098,0.141680,19.685852,75.378677,-48.757446,71.394432,40.526703,-44.310646,74.797401,8.228971,-40.297661,53.017700,31.076330,-44.764633,74.073288,72.504959
666,5.549000,-0.000341,0.000329,-0.000344,1.000000,-31.704300,28.859863,40.914009,-59.792114,30.249235,1.595122,-2.230680,28.201670,2.820253,-3.755066,27.472412,79.965591,-61.039352,29.516140,79.275177,-59.784889,30.245823,1.616093,-2.288882,28.208416,2.862790,-3.720452,27.467999,79.975853,-61.058884,29.526752,79.119034,3.012748,19.366043,10.573159,-18.233219,28.665119,54.258293,-32.982246,36.129074,74.107658,-31.350031,36.540405,8.435571,4.601590,23.429859,43.223213,0.148451,19.688206,75.378815,-48.800980,71.369888,40.524559,-44.300907,74.800140,8.239830,-40.303223,53.009022,31.077974,-44.768658,74.063591,72.498550
667,5.558000,-0.000327,0.000327,-0.000361,1.000000,-31.704088,28.860521,40.912701,-59.791691,30.251873,1.593733,-2.230334,28.202349,2.819046,-3.755063,27.471104,79.964355,-61.039268,29.516766,79.273758,-59.784744,30.248943,1.614029,-2.289856,28.208363,2.864187,-3.719759,27.467144,79.974236,-61.058529,29.525965,79.118713,2.989236,19.358162,10.563796,-18.234385,28.663170,54.257946,-32.969864,36.115135,74.098831,-31.351206,36.533291,8.435527,4.599960,23.430351,43.222340,0.156074,19.688251,75.380722,-48.859821,71.334854,40.521099,-44.296566,74.798843,8.249181,-40.307747,53.004848,31.079582,-44.774353,74.053833,72.488785
668,5.566000,-0.000326,0.000322,-0.000369,1.000000,-31.704777,28.861406,40.912949,-59.791958,30.253338,1.593700,-2.230647,28.202864,2.819589,-3.756171,27.471411,79.964890,-61.040340,29.518017,79.273727,-59.785610,30.249668,1.613562,-2.289354,28.210159,2.864709,-3.720017,27.466545,79.975304,-61.059155,29.529343,79.118759,2.979286,19.348890,10.567557,-18.235163,28.659851,54.257889,-32.951256,36.115921,74.103561,-31.350794,36.527054,8.435251,4.601098,23.427481,43.223415,0.169982,19.693323,75.384018,-48.904282,71.308380,40.519077,-44.294323,74.799187,8.257398,-40.302212,52.996910,31.088051,-44.779415,74.045425,72.482666
669,5.575000,-0.000329,0.000326,-0.000373,1.000000,-31.704462,28.861374,40.913235,-59.791954,30.253263,1.594207,-2.230644,28.202360,2.819636,-3.755543,27.471420,79.964951,-61.039711,29.518456,79.274239,-59.785164,30.249983,1.614727,-2.289322,28.208950,2.864303,-3.720105,27.467083,79.974770,-61.059921,29.528757,79.118027,2.964759,19.339703,10.573062,-18.237787,28.659359,54.259884,-32.938351,36.108624,74.106743,-31.345373,36.520298,8.437167,4.601622,23.422255,43.224747,0.174020,19.689745,75.384201,-48.958782,71.277473,40.511814,-44.290466,74.799194,8.268027,-40.300198,52.989704,31.095304,-44.776215,74.041946,72.475945
670,5.583000,-0.000361,0.000342,-0.000430,1.000000,-31.707272,28.860054,40.909912,-59.795856,30.252647,1.591691,-2.234748,28.195179,2.815413,-3.757268,27.469397,79.960831,-61.041214,29.523001,79.271820,-59.785843,30.250792,1.614452,-2.287663,28.198513,2.845290,-3.721694,27.466709,79.976547,-61.059616,29.528481,79.117203,2.739677,19.143394,10.471859,-18.237434,28.659105,54.258366,-32.931404,36.104038,74.110397,-31.339767,36.515205,8.441448,4.599296,23.420027,43.223526,0.182985,19.695572,75.387726,-48.992603,71.258881,40.505638,-44.288013,74.801598,8.277056,-40.299675,52.985184,31.099150,-44.782791,74.034637,72.473351
671,5.591000,-0.000385,0.000362,-0.000417,1.000000,-31.706575,28.859314,40.909016,-59.796799,30.249319,1.591879,-2.235594,28.193462,2.813348,-3.754944,27.471233,79.958855,-61.038963,29.523254,79.272079,-59.784794,30.247364,1.615258,-2.291013,28.196903,2.841544,-3.719258,27.468542,79.975159,-61.059994,29.528841,79.117287,2.696488,19.129942,10.468122,-18.237440,28.656227,54.259026,-32.924728,36.102074,74.113853,-31.332762,36.512230,8.443272,4.597205,23.415110,43.224434,0.187628,19.698288,75.389954,-49.026466,71.239548,40.504776,-44.290371,74.799820,8.286291,-40.294224,52.977795,31.106714,-44.780151,74.030647,72.473717
672,5.599000,-0.000382,0.000363,-0.000421,1.000000,-31.705439,28.860210,40.909721,-59.795731,30.250660,1.592648,-2.234542,28.194294,2.813992,-3.753740,27.471685,79.959496,-61.037743,29.524214,79.272858,-59.784039,30.249256,1.616056,-2.292542,28.197205,2.843133,-3.719038,27.469540,79.974899,-61.060310,29.528612,79.117035,2.662582,19.132679,10.467797,-18.238861,28.649733,54.263371,-32.920673,36.101105,74.117844,-31.324650,36.511673,8.447759,4.595314,23.413895,43.224091,0.192710,19.700285,75.389038,-49.046627,71.224579,40.505093,-44.287418,74.799126,8.289037,-40.294788,52.977657,31.116957,-44.773697,74.031395,72.477448
673,5.608000,-0.000383,0.000354,-0.000407,1.000000,-31.704220,28.858353,40.910343,-59.793823,30.247894,1.592734,-2.232590,28.193193,2.815160,-3.753206,27.470728,79.960648,-61.037266,29.521597,79.272926,-59.782082,30.245718,1.617428,-2.289744,28.197388,2.841323,-3.721133,27.467913,79.975548,-61.060024,29.528219,79.116837,2.626173,19.130802,10.467467,-18.239229,28.645548,54.269363,-32.918949,36.100468,74.124962,-31.317177,36.509598,8.455770,4.590998,23.404083,43.220226,0.194895,19.698383,75.388123,-49.057426,71.217186,40.509449,-44.290539,74.800598,8.296683,-40.295200,52.976215,31.122128,-44.770992,74.029510,72.479744
674,5.616000,-0.000366,0.000358,-0.000421,1.000000,-31.708469,28.859440,40.909538,-59.798378,30.251133,1.592225,-2.237192,28.194735,2.814072,-3.757155,27.469677,79.959549,-61.041164,29.522223,79.272400,-59.784668,30.248598,1.614521,-2.288893,28.198231,2.841236,-3.719426,27.466562,79.977333,-61.059952,29.528627,79.116096,2.597252,19.123220,10.471628,-18.239393,28.640678,54.272781,-32.923729,36.102329,74.134239,-31.312889,36.511059,8.462042,4.586113,23.398146,43.217922,0.196118,19.694134,75.388084,-49.054913,71.217865,40.516750,-44.290440,74.801552,8.300024,-40.295910,52.981121,31.130482,-44.769772,74.029831,72.485947
675,5.625000,-0.000363,0.000358,-0.000402,1.000000,-31.703939,28.858053,40.911060,-59.793896,30.248886,1.593751,-2.232632,28.194719,2.815601,-3.752577,27.469149,79.961067,-61.036659,29.519468,79.273926,-59.783302,30.245516,1.618451,-2.287266,28.200760,2.842450,-3.720148,27.465075,79.975220,-61.060951,29.529757,79.115982,2.533119,19.083712,10.492297,-18.241020,28.637188,54.277950,-32.930641,36.104507,74.147354,-31.311417,36.513512,8.471606,4.583506,23.395609,43.216801,0.195959,19.687252,75.388924,-49.044979,71.226219,40.527077,-44.291412,74.810966,8.306730,-40.295486,52.985909,31.137747,-44.767624,74.029434,72.495651
676,5.633000,-0.000367,0.000356,-0.000421,1.000000,-31.706121,28.859917,40.909302,-59.795826,30.251488,1.591843,-2.234644,28.195160,2.813992,-3.755006,27.470272,79.959457,-61.039005,29.522747,79.272018,-59.785099,30.248781,1.616186,-2.285935,28.199541,2.840186,-3.720601,27.466873,79.975067,-61.061161,29.530535,79.116455,2.509680,19.082664,10.488883,-18.241575,28.635485,54.284733,-32.941483,36.105461,74.161980,-31.314014,36.518417,8.479403,4.580466,23.395790,43.216713,0.191385,19.678402,75.383430,-49.025871,71.241364,40.536037,-44.290569,74.819206,8.309877,-40.300545,52.992844,31.146860,-44.759121,74.034859,72.503891
677,5.641000,-0.000373,0.000361,-0.000444,1.000000,-31.705967,28.859695,40.909645,-59.795986,30.252171,1.592451,-2.234894,28.193144,2.814060,-3.754541,27.469154,79.959534,-61.038445,29.524321,79.272629,-59.783916,30.249674,1.616469,-2.289171,28.197250,2.841008,-3.719191,27.465973,79.975800,-61.060638,29.531351,79.116745,2.488190,19.081718,10.485924,-18.242102,28.634596,54.291679,-32.956139,36.110207,74.174858,-31.318295,36.520023,8.483332,4.577089,23.396435,43.218658,0.186806,19.672762,75.382248,-48.995762,71.263885,40.544586,-44.292210,74.826546,8.312938,-40.300743,52.999393,31.154057,-44.747574,74.038506,72.513519
678,5.650000,-0.000371,0.000358,-0.000419,1.000000,-31.708447,28.860199,40.909924,-59.798367,30.251356,1.592603,-2.237171,28.195250,2.814463,-3.757119,27.470970,79.959938,-61.041134,29.523230,79.272789,-59.784843,30.248425,1.614838,-2.289028,28.199163,2.842309,-3.718601,27.467447,79.977898,-61.059601,29.530537,79.116127,2.465122,19.075953,10.485006,-18.242998,28.638098,54.295433,-32.972073,36.115761,74.179176,-31.323698,36.520252,8.487868,4.570725,23.400520,43.221264,0.176531,19.665169,75.380135,-48.963169,71.288475,40.554096,-44.293369,74.831848,8.312000,-40.300964,53.009392,31.159025,-44.741982,74.039253,72.526756
679,5.658000,-0.000388,0.000362,-0.000423,1.000000,-31.704987,28.860161,40.910164,-59.795212,30.250231,1.593029,-2.234030,28.193712,2.814490,-3.753355,27.472010,79.959999,-61.037350,29.524696,79.273239,-59.784676,30.248589,1.616558,-2.289126,28.196898,2.843554,-3.718898,27.469604,79.975113,-61.059093,29.529825,79.115974,2.457034,19.073654,10.488851,-18.241215,28.641256,54.295303,-32.985935,36.118507,74.180481,-31.330765,36.528450,8.486961,4.566808,23.403505,43.225117,0.169115,19.664125,75.378120,-48.920120,71.317871,40.565464,-44.294403,74.837509,8.308825,-40.300621,53.016602,31.157652,-44.739998,74.041710,72.535751
680,5.666000,-0.000377,0.000366,-0.000426,1.000000,-31.706385,28.860485,40.910019,-59.796917,30.251610,1.593140,-2.235734,28.194696,2.814093,-3.754449,27.471289,79.959595,-61.038433,29.524357,79.273346,-59.784412,30.249834,1.617494,-2.286782,28.197536,2.839985,-3.718104,27.468815,79.976440,-61.059868,29.529329,79.116943,2.449791,19.066582,10.490430,-18.239883,28.645552,54.293781,-33.000385,36.121429,74.178894,-31.334156,36.539520,8.484036,4.563867,23.404474,43.229362,0.154735,19.659687,75.374924,-48.883011,71.341820,40.573513,-44.299530,74.846680,8.306608,-40.296684,53.024410,31.156612,-44.726635,74.046555,72.544029
681,5.674000,-0.000380,0.000352,-0.000413,1.000000,-31.707659,28.859488,40.909660,-59.797108,30.249649,1.591966,-2.235898,28.194275,2.814576,-3.756803,27.471245,79.960045,-61.040833,29.522783,79.272148,-59.784786,30.247074,1.615795,-2.286923,28.198034,2.841128,-3.720250,27.468008,79.977142,-61.060150,29.529593,79.116417,2.462132,19.092047,10.478263,-18.240164,28.655083,54.291225,-33.029495,36.114731,74.183479,-31.336737,36.550381,8.483377,4.562110,23.404116,43.231655,0.137432,19.652454,75.371323,-48.835037,71.366676,40.578011,-44.300632,74.853737,8.303079,-40.294434,53.034115,31.156546,-44.726807,74.034897,72.567108
682,5.683000,-0.000374,0.000378,-0.000436,1.000000,-31.708836,28.859261,40.912163,-59.800274,30.251186,1.595956,-2.239105,28.193102,2.815536,-3.756005,27.469265,79.961075,-61.039970,29.523495,79.276184,-59.783947,30.248074,1.615575,-2.287109,28.196436,2.840729,-3.717984,27.466043,79.979576,-61.060196,29.530684,79.116508,2.458663,19.097141,10.475351,-18.238377,28.662569,54.292107,-33.052505,36.104332,74.194183,-31.340160,36.573460,8.492024,4.559833,23.402920,43.231888,0.123924,19.651138,75.369682,-48.780174,71.396057,40.580677,-44.298927,74.866547,8.299121,-40.290798,53.044300,31.157648,-44.721031,74.034081,72.581726
683,5.691000,-0.000366,0.000368,-0.000435,1.000000,-31.708599,28.858629,40.910511,-59.799229,30.251099,1.593754,-2.238080,28.193157,2.814481,-3.756562,27.468094,79.959969,-61.040520,29.522171,79.273941,-59.784920,30.248100,1.615484,-2.289124,28.196938,2.841632,-3.717971,27.464628,79.978119,-61.059887,29.529499,79.116333,2.458066,19.095881,10.475121,-18.236469,28.664774,54.293453,-33.076088,36.096401,74.205658,-31.340498,36.583607,8.494372,4.559802,23.403601,43.230869,0.116286,19.651882,75.367508,-48.727448,71.423653,40.581150,-44.297527,74.874184,8.291839,-40.281361,53.053505,31.160017,-44.706558,74.038055,72.594299
684,5.700000,-0.000367,0.000358,-0.000417,1.000000,-31.707663,28.858194,40.909763,-59.797543,30.249632,1.592425,-2.236342,28.193703,2.814326,-3.756371,27.468687,79.959801,-61.040394,29.520761,79.272606,-59.783512,30.245584,1.615955,-2.289234,28.199015,2.841162,-3.718779,27.464167,79.977509,-61.059917,29.530746,79.116722,2.462710,19.097059,10.473970,-18.232784,28.672043,54.293678,-33.101437,36.084892,74.216187,-31.337410,36.593994,8.498714,4.560923,23.402483,43.228470,0.105513,19.647289,75.363869,-48.670097,71.453438,40.590214,-44.298309,74.890724,8.294038,-40.269054,53.063591,31.162754,-44.691517,74.041756,72.610512
685,5.708000,-0.000379,0.000355,-0.000429,1.000000,-31.706127,28.858820,40.910110,-59.795750,30.249945,1.592585,-2.234614,28.192684,2.814859,-3.755093,27.469620,79.960327,-61.039055,29.523035,79.272758,-59.783268,30.247131,1.616800,-2.289997,28.197298,2.841412,-3.720349,27.466179,79.976669,-61.060970,29.530865,79.116745,2.457698,19.077971,10.486217,-18.234131,28.673626,54.292618,-33.127861,36.075005,74.223648,-31.332392,36.609447,8.500959,4.560709,23.403225,43.224297,0.096090,19.639538,75.363792,-48.636803,71.477295,40.605507,-44.290504,74.901253,8.288347,-40.255798,53.076374,31.164175,-44.680573,74.045052,72.624168
686,5.716000,-0.000378,0.000355,-0.000414,1.000000,-31.708839,28.859529,40.910400,-59.798538,30.249866,1.592892,-2.237332,28.194349,2.815118,-3.757724,27.471113,79.960602,-61.041759,29.522791,79.273079,-59.784603,30.247419,1.616663,-2.288525,28.197771,2.840879,-3.720689,27.468103,79.978218,-61.061825,29.529051,79.116615,2.463311,19.076378,10.487780,-18.233889,28.679520,54.293365,-33.155354,36.069660,74.228226,-31.330004,36.621387,8.503444,4.564874,23.398321,43.220867,0.093656,19.639462,75.363228,-48.600067,71.497101,40.617569,-44.286709,74.916039,8.288282,-40.239395,53.089684,31.167339,-44.668259,74.046745,72.637451
687,5.724000,-0.000365,0.000361,-0.000407,1.000000,-31.709513,28.859764,40.911030,-59.799683,30.250696,1.593882,-2.238431,28.195974,2.815399,-3.757936,27.470758,79.960884,-61.042011,29.521633,79.274055,-59.784782,30.247608,1.615368,-2.288918,28.199720,2.841872,-3.719603,27.467308,79.979073,-61.061699,29.529032,79.117325,2.478682,19.085493,10.488597,-18.232109,28.682508,54.293465,-33.174980,36.067638,74.227211,-31.329515,36.629833,8.505381,4.565875,23.394444,43.216099,0.092563,19.640818,75.363907,-48.559284,71.519035,40.624157,-44.277111,74.936920,8.289093,-40.223637,53.104424,31.169912,-44.659103,74.047203,72.652504
688,5.733000,-0.000372,0.000357,-0.000413,1.000000,-31.708750,28.860394,40.909603,-59.798611,30.251152,1.592225,-2.237389,28.195751,2.814200,-3.757483,27.471560,79.959679,-61.041523,29.523119,79.272415,-59.786423,30.248234,1.614751,-2.287358,28.199682,2.841810,-3.719142,27.467970,79.976974,-61.060925,29.530582,79.117424,2.495464,19.094355,10.489855,-18.230196,28.686310,54.293694,-33.191502,36.065517,74.219742,-31.329325,36.636074,8.503983,4.566369,23.392382,43.211243,0.093920,19.643587,75.362610,-48.517113,71.544205,40.628223,-44.269325,74.949226,8.290756,-40.200012,53.123486,31.174273,-44.645584,74.050476,72.663269
689,5.741000,-0.000362,0.000361,-0.000425,1.000000,-31.708027,28.859373,40.910332,-59.798180,30.251616,1.593211,-2.236995,28.194735,2.814672,-3.756469,27.469067,79.960144,-61.040462,29.522085,79.273392,-59.784092,30.248320,1.614683,-2.288948,28.198906,2.842739,-3.716923,27.465263,79.978172,-61.060982,29.530153,79.116760,2.511871,19.103468,10.489530,-18.231522,28.692822,54.291145,-33.205048,36.068539,74.212891,-31.325579,36.639317,8.502133,4.567485,23.389931,43.212006,0.096929,19.645081,75.363693,-48.483280,71.561241,40.630337,-44.266426,74.959007,8.290708,-40.181091,53.135334,31.174603,-44.635002,74.048836,72.674782
690,5.750000,-0.000377,0.000362,-0.000407,1.000000,-31.707323,28.859821,40.909912,-59.797562,30.249865,1.592776,-2.236307,28.195173,2.814239,-3.755674,27.471701,79.959740,-61.039745,29.522556,79.272987,-59.784676,30.247456,1.616335,-2.288448,28.198730,2.841466,-3.717807,27.468596,79.976913,-61.061131,29.528967,79.116814,2.529099,19.112761,10.485685,-18.229500,28.696674,54.288746,-33.217052,36.063957,74.204155,-31.321222,36.645882,8.500555,4.566002,23.393576,43.213062,0.103343,19.647312,75.363365,-48.446609,71.578552,40.633560,-44.262707,74.970291,8.290550,-40.140041,53.153496,31.172668,-44.629017,74.049202,72.683823
691,5.758000,-0.000373,0.000360,-0.000410,1.000000,-31.707489,28.859135,40.910675,-59.797523,30.249626,1.593411,-2.236292,28.194580,2.815145,-3.756040,27.470568,79.960632,-61.040104,29.521774,79.273605,-59.784531,30.246368,1.617724,-2.286935,28.198996,2.840877,-3.719053,27.466757,79.977791,-61.061470,29.530186,79.116882,2.544047,19.121376,10.486341,-18.228724,28.700558,54.288654,-33.223351,36.063538,74.202469,-31.317186,36.647900,8.499477,4.564129,23.395317,43.216805,0.111106,19.649967,75.367134,-48.427456,71.587624,40.639271,-44.263729,74.975136,8.289583,-40.121311,53.168709,31.170767,-44.624287,74.044296,72.690125
692,5.766000,-0.000384,0.000359,-0.000409,1.000000,-31.706194,28.857466,40.911079,-59.796185,30.247038,1.593748,-2.234942,28.192123,2.815601,-3.754792,27.469814,79.961105,-61.038853,29.520899,79.273949,-59.784435,30.243069,1.618002,-2.287321,28.198009,2.842048,-3.719320,27.465233,79.977379,-61.061073,29.531713,79.116852,2.596645,19.165663,10.467715,-18.228973,28.705076,54.289639,-33.229584,36.056927,74.204277,-31.308968,36.648182,8.501729,4.561390,23.396801,43.220745,0.120138,19.654469,75.371910,-48.408585,71.592522,40.647465,-44.261608,74.979973,8.292038,-40.099930,53.178978,31.175098,-44.621910,74.039261,72.699287
693,5.775000,-0.000374,0.000358,-0.000406,1.000000,-31.703562,28.858662,40.910034,-59.793495,30.248865,1.592687,-2.232242,28.194252,2.814597,-3.752223,27.470381,79.960083,-61.036289,29.521158,79.272881,-59.783833,30.245834,1.616169,-2.285626,28.199533,2.844050,-3.717329,27.466515,79.974380,-61.060619,29.530352,79.115822,2.619993,19.176331,10.462537,-18.228970,28.704607,54.288811,-33.233746,36.049213,74.203163,-31.298920,36.648193,8.502468,4.559819,23.398144,43.226513,0.133970,19.660397,75.373482,-48.381348,71.603302,40.657574,-44.260559,74.986900,8.295596,-40.079792,53.182774,31.177691,-44.629761,74.030373,72.708221
694,5.783000,-0.000388,0.000363,-0.000446,1.000000,-31.705492,28.858292,40.908741,-59.795727,30.249691,1.591662,-2.234641,28.190479,2.813011,-3.753850,27.468821,79.958519,-61.037754,29.524187,79.271873,-59.784924,30.245840,1.614288,-2.287167,28.196201,2.842557,-3.715687,27.464155,79.974449,-61.061138,29.534695,79.116600,2.638037,19.183401,10.461502,-18.231180,28.702604,54.290955,-33.233902,36.043053,74.207085,-31.288593,36.646362,8.503214,4.558679,23.399967,43.229561,0.143941,19.662512,75.375282,-48.365833,71.609535,40.662621,-44.262352,74.988922,8.299257,-40.059311,53.188602,31.181278,-44.626122,74.027939,72.715691
695,5.791000,-0.000367,0.000362,-0.000452,1.000000,-31.706524,28.858162,40.909557,-59.796642,30.251486,1.592466,-2.235582,28.191566,2.813876,-3.754994,27.466774,79.959351,-61.038876,29.522823,79.272636,-59.785931,30.247831,1.615198,-2.288574,28.197115,2.843525,-3.717379,27.462303,79.975372,-61.061096,29.532887,79.116501,2.650871,19.189753,10.460633,-18.229790,28.695129,54.291756,-33.232914,36.037010,74.208389,-31.276917,36.644661,8.504375,4.559238,23.401386,43.231812,0.154758,19.664944,75.376579,-48.352306,71.611389,40.665684,-44.259800,74.992828,8.300443,-40.038857,53.194954,31.183846,-44.631142,74.020676,72.724190
696,5.799000,-0.000382,0.000356,-0.000437,1.000000,-31.706173,28.858809,40.909889,-59.795845,30.250124,1.592401,-2.234733,28.191948,2.814597,-3.755095,27.469421,79.960075,-61.039032,29.523748,79.272583,-59.784328,30.247095,1.616374,-2.289286,28.196938,2.841876,-3.720326,27.465702,79.975937,-61.061180,29.532341,79.116219,2.657206,19.191992,10.462676,-18.232132,28.687647,54.291725,-33.225952,36.032158,74.209091,-31.264071,36.641071,8.508777,4.560553,23.405085,43.231945,0.167615,19.668308,75.379082,-48.339733,71.611938,40.668316,-44.257526,74.996048,8.303077,-40.021683,53.201080,31.186632,-44.638916,74.012802,72.732452
697,5.808000,-0.000399,0.000342,-0.000434,1.000000,-31.705879,28.858658,40.910599,-59.794487,30.248478,1.592293,-2.233395,28.190670,2.816135,-3.755862,27.470757,79.961594,-61.039780,29.524738,79.272476,-59.783382,30.245564,1.616409,-2.289107,28.195875,2.843390,-3.722932,27.467146,79.976654,-61.061478,29.533333,79.116577,2.671840,19.201796,10.461542,-18.232555,28.679863,54.288803,-33.216541,36.030968,74.210014,-31.248957,36.639610,8.509948,4.563694,23.409300,43.229767,0.182387,19.674969,75.379707,-48.328365,71.611557,40.671272,-44.251583,74.997162,8.303220,-40.003525,53.204929,31.191162,-44.644897,74.005547,72.742813
698,5.816000,-0.000386,0.000356,-0.000422,1.000000,-31.706205,28.859398,40.911201,-59.795918,30.249548,1.593703,-2.234748,28.193130,2.815911,-3.755078,27.471167,79.961395,-61.039078,29.523750,79.273895,-59.784466,30.246418,1.617961,-2.287679,28.198061,2.842662,-3.719958,27.467367,79.977501,-61.061142,29.532539,79.116371,2.676132,19.204456,10.460548,-18.234951,28.675383,54.291206,-33.205235,36.029617,74.205437,-31.216331,36.646160,8.510055,4.567997,23.412878,43.226189,0.187567,19.673557,75.382683,-48.319778,71.613129,40.674881,-44.248154,74.998894,8.306065,-39.990433,53.207748,31.193035,-44.656361,73.999603,72.749031
699,5.825000,-0.000342,0.000330,-0.000359,1.000000,-31.703865,28.860315,40.913986,-59.791744,30.250385,1.595172,-2.230373,28.201080,2.820146,-3.754565,27.472172,79.965492,-61.038780,29.517633,79.275238,-59.783726,30.245882,1.616935,-2.289776,28.209803,2.862985,-3.720730,27.466764,79.974869,-61.060123,29.531483,79.116837,2.785356,19.301935,10.474940,-18.236973,28.671473,54.294003,-33.188515,36.028954,74.204826,-31.189913,36.651798,8.506143,4.570573,23.417883,43.220867,0.200679,19.681219,75.384850,-48.308376,71.615150,40.676670,-44.242146,74.999565,8.308396,-39.972012,53.213299,31.195938,-44.661678,73.992920,72.762680
700,5.833000,-0.000389,0.000353,-0.000419,1.000000,-31.703218,28.858667,40.913380,-59.792721,30.248484,1.595721,-2.231550,28.192387,2.818254,-3.752303,27.470770,79.963730,-61.036301,29.523039,79.275909,-59.783691,30.245691,1.619870,-2.284760,28.197626,2.848608,-3.720147,27.467218,79.976013,-61.059803,29.531902,79.118164,2.695985,19.196381,10.459953,-18.237524,28.667732,54.294003,-33.179031,36.021721,74.205887,-31.174412,36.639217,8.500054,4.573812,23.418543,43.218594,0.203874,19.682104,75.386620,-48.297958,71.616180,40.677776,-44.237534,74.999252,8.305416,-39.957493,53.217052,31.195618,-44.673248,73.983955,72.766327
701,5.841000,-0.000331,0.000344,-0.000365,1.000000,-31.703848,28.861725,40.915619,-59.792755,30.253077,1.597586,-2.231377,28.203016,2.820981,-3.753522,27.472309,79.966339,-61.037739,29.518509,79.277672,-59.785198,30.248848,1.619676,-2.288415,28.211065,2.861361,-3.719578,27.467140,79.976562,-61.059181,29.531666,79.117905,2.766320,19.268999,10.482552,-18.237452,28.664442,54.293015,-33.165958,36.012066,74.213882,-31.166384,36.631634,8.498956,4.575473,23.420540,43.217632,0.204215,19.681583,75.385727,-48.281200,71.613647,40.678699,-44.229401,75.000038,8.306124,-39.942730,53.219437,31.197109,-44.682838,73.975121,72.776390
702,5.849000,-0.000369,0.000356,-0.000426,1.000000,-31.703896,28.860033,40.911575,-59.793591,30.251804,1.594123,-2.232438,28.194830,2.816266,-3.752792,27.470192,79.961723,-61.036766,29.523314,79.274284,-59.784603,30.248827,1.617840,-2.283953,28.200001,2.845629,-3.718775,27.466398,79.975723,-61.059223,29.532360,79.117340,2.691794,19.201710,10.465230,-18.238882,28.659704,54.293205,-33.156075,36.003754,74.224205,-31.164682,36.627934,8.499825,4.575393,23.422165,43.218304,0.201494,19.678780,75.386681,-48.262489,71.614548,40.680279,-44.223778,74.995651,8.307907,-39.930363,53.217117,31.195658,-44.693722,73.968193,72.785446
703,5.858000,-0.000368,0.000346,-0.000414,1.000000,-31.704689,28.860575,40.909515,-59.793674,30.251717,1.591524,-2.232489,28.196106,2.814758,-3.754288,27.471361,79.960190,-61.038303,29.523123,79.271675,-59.784119,30.249353,1.615036,-2.285496,28.200418,2.843502,-3.720858,27.468216,79.974487,-61.059807,29.530350,79.117111,2.667798,19.192181,10.459851,-18.240782,28.659216,54.295856,-33.145752,35.993305,74.229568,-31.166046,36.621037,8.499328,4.573710,23.420527,43.219532,0.197429,19.676519,75.385803,-48.237247,71.613182,40.679951,-44.215748,74.993057,8.307560,-39.910919,53.213215,31.193653,-44.703796,73.961273,72.794991
704,5.866000,-0.000366,0.000346,-0.000412,1.000000,-31.704786,28.858644,40.910294,-59.793716,30.249834,1.592264,-2.232525,28.194466,2.815578,-3.754443,27.469381,79.961014,-61.038471,29.520903,79.272415,-59.783733,30.246819,1.616259,-2.285268,28.199652,2.843103,-3.721080,27.465620,79.975822,-61.060028,29.529852,79.116348,2.654260,19.191053,10.462991,-18.242308,28.654984,54.294689,-33.135933,35.990032,74.230240,-31.168430,36.614326,8.499436,4.574599,23.415440,43.221603,0.192888,19.675112,75.383301,-48.212002,71.616318,40.679707,-44.216404,74.986740,8.307271,-39.880478,53.216679,31.191345,-44.719334,73.950783,72.805565
705,5.875000,-0.000359,0.000342,-0.000407,1.000000,-31.703461,28.858801,40.910339,-59.792114,30.250286,1.592126,-2.230912,28.195486,2.815834,-3.753388,27.469248,79.961243,-61.037426,29.520195,79.272255,-59.781246,30.246866,1.616158,-2.286784,28.201563,2.843690,-3.720273,27.465109,79.975853,-61.060406,29.530376,79.115784,2.638770,19.184845,10.464742,-18.242567,28.648169,54.294472,-33.119827,35.990967,74.229195,-31.174141,36.603252,8.497618,4.572302,23.411608,43.221691,0.183860,19.673349,75.380325,-48.165112,71.626022,40.682037,-44.214336,74.977287,8.308453,-39.871849,53.218609,31.192142,-44.728222,73.944160,72.816704
706,5.883000,-0.000376,0.000354,-0.000415,1.000000,-31.704468,28.859934,40.911438,-59.794052,30.250502,1.593855,-2.232847,28.194847,2.816245,-3.753474,27.471289,79.961716,-61.037498,29.523104,79.274033,-59.784092,30.247536,1.618120,-2.286950,28.200317,2.844569,-3.721075,27.467585,79.975006,-61.061733,29.532316,79.117805,2.628337,19.179899,10.462027,-18.243725,28.642664,54.295628,-33.108665,35.984863,74.234802,-31.181955,36.593895,8.497829,4.570550,23.410011,43.221085,0.173912,19.668375,75.380753,-48.134560,71.631882,40.682652,-44.215031,74.962074,8.305295,-39.863411,53.214817,31.194931,-44.731579,73.943054,72.830093
707,5.891000,-0.000380,0.000354,-0.000416,1.000000,-31.704430,28.859362,40.910675,-59.794010,30.249660,1.593071,-2.232802,28.193888,2.815488,-3.753445,27.470985,79.960968,-61.037468,29.522923,79.273262,-59.783756,30.247015,1.616611,-2.287004,28.198545,2.844476,-3.718780,27.467548,79.975891,-61.059975,29.530842,79.116470,2.617168,19.172529,10.462416,-18.245689,28.637753,54.297848,-33.096252,35.978981,74.243462,-31.224319,36.575310,8.501093,4.569498,23.411373,43.221550,0.163067,19.661640,75.379089,-48.093395,71.641350,40.685013,-44.221531,74.949043,8.304334,-39.858944,53.208466,31.197380,-44.737469,73.941826,72.844765
708,5.900000,-0.000380,0.000360,-0.000409,1.000000,-31.704369,28.861813,40.910488,-59.794468,30.251774,1.593250,-2.233225,28.196774,2.814922,-3.752866,27.473768,79.960426,-61.036919,29.524937,79.273453,-59.785103,30.249214,1.616420,-2.286500,28.201347,2.844954,-3.718006,27.470360,79.974770,-61.059708,29.532763,79.117126,2.599444,19.164780,10.464622,-18.246803,28.630817,54.300541,-33.078411,35.976620,74.252533,-31.250700,36.564468,8.509397,4.569369,23.409821,43.222858,0.153516,19.656837,75.375443,-48.039524,71.635941,40.688053,-44.228664,74.933182,8.300408,-39.858673,53.202820,31.198540,-44.738121,73.941696,72.858444
709,5.908000,-0.000369,0.000368,-0.000416,1.000000,-31.704218,28.860653,40.910374,-59.794937,30.251812,1.593623,-2.233705,28.196018,2.814311,-3.752089,27.471420,79.959824,-61.036133,29.523367,79.273834,-59.785103,30.249001,1.617502,-2.286123,28.200861,2.842422,-3.717592,27.467817,79.974426,-61.060108,29.531866,79.117180,2.548319,19.131622,10.485685,-18.245516,28.627174,54.305733,-33.064987,35.974041,74.260956,-31.268103,36.552898,8.514360,4.568768,23.405622,43.222603,0.143763,19.651096,75.372711,-47.975220,71.643646,40.712433,-44.236721,74.917656,8.298659,-39.859726,53.197701,31.200119,-44.743504,73.938873,72.871170
710,5.916000,-0.000377,0.000370,-0.000406,1.000000,-31.704760,28.860525,40.910469,-59.795647,30.250454,1.593792,-2.234366,28.195890,2.814317,-3.752470,27.472517,79.959846,-61.036556,29.523245,79.274025,-59.784561,30.247297,1.617207,-2.288603,28.200975,2.843208,-3.716028,27.468592,79.975632,-61.059845,29.532219,79.116501,2.530789,19.131954,10.488157,-18.249260,28.621452,54.310886,-33.053696,35.975822,74.270782,-31.286039,36.537914,8.518331,4.565630,23.404306,43.220669,0.132351,19.642469,75.369682,-47.912586,71.663719,40.731071,-44.244877,74.901543,8.295320,-39.860771,53.190845,31.205009,-44.747917,73.938446,72.885490
711,5.924000,-0.000370,0.000377,-0.000437,1.000000,-31.706419,28.859394,40.910660,-59.797787,30.251671,1.594418,-2.236629,28.193430,2.814072,-3.753653,27.469053,79.959602,-61.037613,29.523432,79.274643,-59.785217,30.248898,1.617683,-2.290900,28.197676,2.842572,-3.715560,27.465549,79.976402,-61.060631,29.530985,79.117546,2.518540,19.131596,10.489063,-18.248970,28.615484,54.316807,-33.041878,35.976280,74.281296,-31.309328,36.526852,8.523005,4.562870,23.405088,43.221867,0.117973,19.630198,75.367744,-47.858627,71.679535,40.735744,-44.252617,74.880806,8.288584,-39.883358,53.174164,31.211197,-44.753227,73.940079,72.898422
712,5.933000,-0.000370,0.000360,-0.000446,1.000000,-31.707102,28.860716,40.909992,-59.797104,30.253557,1.592797,-2.236023,28.194269,2.814415,-3.755695,27.469810,79.959885,-61.039597,29.525232,79.272972,-59.785366,30.251657,1.615385,-2.291782,28.197618,2.844482,-3.718292,27.467093,79.976349,-61.060566,29.530689,79.117538,2.528337,19.164600,10.476828,-18.249338,28.613102,54.324360,-33.025829,35.976212,74.292061,-31.334282,36.512928,8.528334,4.559092,23.403704,43.223721,0.110815,19.624508,75.366631,-47.795135,71.690926,40.744267,-44.263298,74.860687,8.283978,-39.895363,53.160130,31.217564,-44.734921,73.949249,72.919205
713,5.941000,-0.000373,0.000360,-0.000419,1.000000,-31.706890,28.860268,40.909790,-59.796917,30.251328,1.592541,-2.235717,28.195169,2.814254,-3.755456,27.471134,79.959740,-61.039471,29.523447,79.272736,-59.785564,30.249250,1.615088,-2.291321,28.198778,2.844699,-3.717994,27.468214,79.976074,-61.060436,29.529425,79.116440,2.511651,19.173536,10.477242,-18.250332,28.613277,54.333328,-33.013210,35.983395,74.300865,-31.355663,36.499535,8.535476,4.552928,23.406124,43.225319,0.102408,19.617144,75.365295,-47.727497,71.701607,40.756577,-44.273678,74.840897,8.282663,-39.903687,53.150391,31.219477,-44.740128,73.948380,72.936043
714,5.950000,-0.000363,0.000355,-0.000414,1.000000,-31.706015,28.859032,40.910511,-59.795685,30.250586,1.593024,-2.234477,28.194983,2.815241,-3.754938,27.469408,79.960701,-61.038963,29.521158,79.273186,-59.784115,30.247501,1.615711,-2.289077,28.199789,2.845000,-3.717138,27.465530,79.977104,-61.060799,29.529610,79.117142,2.500087,19.187471,10.480087,-18.251820,28.610617,54.344028,-32.978977,36.003242,74.301186,-31.393051,36.484348,8.547689,4.545485,23.410467,43.227722,0.095199,19.609644,75.366524,-47.663471,71.720566,40.765263,-44.282185,74.819481,8.278102,-39.918194,53.136738,31.224409,-44.758110,73.938377,72.963051
715,5.958000,-0.000383,0.000366,-0.000423,1.000000,-31.705423,28.859129,40.909885,-59.795929,30.249601,1.592964,-2.234733,28.193056,2.814001,-3.753519,27.470579,79.959511,-61.037521,29.523287,79.273178,-59.785252,30.246782,1.615943,-2.288978,28.197718,2.843867,-3.716641,27.466927,79.975258,-61.060108,29.531410,79.115845,2.486132,19.196987,10.479461,-18.262016,28.600327,54.358059,-32.964252,36.017387,74.304108,-31.429295,36.465149,8.558660,4.540303,23.414816,43.232098,0.088732,19.603262,75.365906,-47.592854,71.743591,40.758297,-44.288242,74.804893,8.276005,-39.933434,53.123222,31.231312,-44.763607,73.943367,72.980598
716,5.966000,-0.000367,0.000363,-0.000429,1.000000,-31.705650,28.858900,40.910328,-59.795887,30.250973,1.593274,-2.234733,28.193729,2.814603,-3.754005,27.468760,79.960075,-61.037975,29.522144,79.273453,-59.783672,30.247963,1.616641,-2.290884,28.198586,2.843489,-3.717222,27.465019,79.976501,-61.060642,29.530519,79.115829,2.469252,19.215351,10.478231,-18.267179,28.597385,54.373974,-32.951336,36.024921,74.317253,-31.463709,36.448364,8.566191,4.532130,23.421711,43.234623,0.088696,19.600647,75.366501,-47.533337,71.763245,40.758881,-44.292732,74.786011,8.275354,-39.947842,53.111683,31.240761,-44.756908,73.946365,72.997696
717,5.974000,-0.000368,0.000359,-0.000420,1.000000,-31.706238,28.860649,40.910252,-59.796196,30.252108,1.592970,-2.235004,28.195841,2.814758,-3.754872,27.471119,79.960236,-61.038883,29.523537,79.273155,-59.784676,30.248711,1.615926,-2.288597,28.200993,2.843723,-3.717302,27.466961,79.976501,-61.061512,29.532799,79.117546,2.443213,19.235954,10.484377,-18.269802,28.595375,54.388245,-32.940838,36.028194,74.334427,-31.540186,36.407368,8.602430,4.524076,23.431175,43.237862,0.087889,19.595537,75.366745,-47.479450,71.775818,40.764442,-44.295563,74.770798,8.272262,-39.968678,53.096729,31.261688,-44.744823,73.957184,73.010849
718,5.983000,-0.000385,0.000364,-0.000410,1.000000,-31.704060,28.860584,40.909798,-59.794434,30.250156,1.592752,-2.233195,28.195116,2.814037,-3.752279,27.472929,79.959541,-61.036331,29.524141,79.272964,-59.783398,30.247269,1.616887,-2.287486,28.200069,2.841306,-3.717822,27.469318,79.974670,-61.060684,29.532667,79.116417,2.434512,19.259079,10.486598,-18.274857,28.595013,54.399174,-32.928726,36.034203,74.353584,-31.596130,36.375870,8.631926,4.515560,23.439091,43.240078,0.094475,19.595825,75.368874,-47.389774,71.799248,40.775368,-44.300842,74.755219,8.269858,-39.982800,53.082943,31.271595,-44.731091,73.968071,73.030342
719,5.991000,-0.000382,0.000363,-0.000409,1.000000,-31.704378,28.860960,40.909756,-59.794701,30.250677,1.592666,-2.233449,28.195768,2.814034,-3.752652,27.473160,79.959541,-61.036716,29.524237,79.272881,-59.783585,30.247952,1.616379,-2.286871,28.200262,2.841966,-3.716572,27.469673,79.975098,-61.061211,29.532146,79.116722,2.422145,19.275627,10.483369,-18.278543,28.601965,54.409294,-32.923470,36.046734,74.362885,-31.622791,36.359299,8.642688,4.507480,23.446188,43.242165,0.100711,19.594692,75.367424,-47.320328,71.824089,40.777508,-44.306217,74.739906,8.260875,-39.994190,53.077549,31.279602,-44.722179,73.976059,73.042618
720,6.000000,-0.000376,0.000366,-0.000434,1.000000,-31.706736,28.861168,40.910542,-59.797180,30.252766,1.593620,-2.236032,28.194962,2.814665,-3.754887,27.471498,79.960167,-61.038841,29.525454,79.273819,-59.784710,30.249935,1.616872,-2.287465,28.198954,2.842433,-3.716277,27.467949,79.977356,-61.060081,29.532894,79.116966,2.424153,19.316044,10.495600,-18.281538,28.602818,54.416252,-32.918980,36.063473,74.369263,-31.650812,36.348999,8.650346,4.498775,23.459303,43.243118,0.108559,19.593300,75.368118,-47.245674,71.851982,40.794514,-44.308586,74.721794,8.252609,-40.006367,53.074032,31.283331,-44.704926,73.988197,73.059753
721,6.008000,-0.000386,0.000361,-0.000433,1.000000,-31.705725,28.859659,40.910370,-59.795845,30.250465,1.593187,-2.234706,28.192764,2.814749,-3.754196,27.470776,79.960251,-61.038147,29.524639,79.273392,-59.783722,30.248016,1.616640,-2.288221,28.196621,2.842779,-3.716984,27.467588,79.976913,-61.060177,29.531414,79.116852,2.417328,19.330919,10.494847,-18.284107,28.620398,54.428459,-32.919128,36.074654,74.378082,-31.675266,36.338501,8.658993,4.484608,23.472908,43.230927,0.118952,19.592434,75.368843,-47.183525,71.866875,40.811996,-44.319843,74.702644,8.245601,-40.017490,53.068859,31.288078,-44.685921,73.996902,73.074364
722,6.016000,-0.000404,0.000362,-0.000425,1.000000,-31.704954,28.859127,40.910793,-59.795166,30.248037,1.593608,-2.233988,28.191355,2.815148,-3.753337,27.472126,79.960678,-61.037327,29.524994,79.273842,-59.784275,30.245165,1.616650,-2.290006,28.196367,2.845098,-3.717547,27.468447,79.975868,-61.060684,29.533413,79.117661,2.388428,19.326370,10.481743,-18.286860,28.618891,54.441261,-32.926899,36.093716,74.381660,-31.696861,36.332417,8.664730,4.486077,23.481939,43.221851,0.130739,19.591017,75.363525,-47.103558,71.885368,40.818687,-44.325867,74.692268,8.240205,-40.029099,53.065735,31.293234,-44.672810,74.019867,73.089684
723,6.025000,-0.000376,0.000355,-0.000439,1.000000,-31.707045,28.859447,40.909859,-59.796638,30.251348,1.592338,-2.235538,28.192917,2.814612,-3.756046,27.469481,79.960075,-61.039959,29.524057,79.272507,-59.784107,30.247952,1.614930,-2.289095,28.197756,2.843602,-3.717469,27.465366,79.977242,-61.060387,29.532831,79.117264,2.378249,19.340546,10.479565,-18.288214,28.616014,54.453617,-32.938896,36.107132,74.388008,-31.721577,36.315639,8.662690,4.493618,23.498800,43.209370,0.142882,19.589075,75.364838,-47.019573,71.918015,40.822971,-44.327061,74.679359,8.234721,-40.039154,53.063465,31.297333,-44.657593,74.026138,73.103790
724,6.033000,-0.000367,0.000354,-0.000420,1.000000,-31.707281,28.858589,40.910389,-59.796894,30.250132,1.592860,-2.235708,28.193899,2.815151,-3.756261,27.468977,79.960609,-61.040264,29.521355,79.273033,-59.785492,30.246357,1.616639,-2.286631,28.199259,2.842130,-3.720019,27.464563,79.977180,-61.060577,29.531393,79.116730,2.368278,19.344891,10.476412,-18.292961,28.616459,54.457123,-32.954338,36.106503,74.396141,-31.751093,36.303833,8.663810,4.502629,23.514791,43.193420,0.152823,19.590530,75.370323,-46.955734,71.937195,40.825352,-44.319107,74.668365,8.234249,-40.044308,53.058762,31.299206,-44.626171,74.044708,73.123756
725,6.041000,-0.000381,0.000365,-0.000416,1.000000,-31.705528,28.858006,40.910381,-59.795998,30.248270,1.593429,-2.234781,28.192499,2.814528,-3.753653,27.469666,79.960037,-61.037682,29.521599,79.273636,-59.784252,30.244749,1.617471,-2.287890,28.197861,2.841598,-3.717631,27.465477,79.976234,-61.060833,29.531326,79.116371,2.360405,19.341112,10.478391,-18.291769,28.616205,54.457802,-32.968655,36.105328,74.400948,-31.775211,36.300396,8.666548,4.512673,23.532555,43.180214,0.162538,19.593788,75.372414,-46.894897,71.958443,40.828495,-44.312283,74.664246,8.235340,-40.048691,53.058075,31.302473,-44.615078,74.051674,73.134003
726,6.049000,-0.000375,0.000361,-0.000419,1.000000,-31.706217,28.858475,40.909523,-59.796379,30.249346,1.592377,-2.235189,28.193199,2.813885,-3.754646,27.469528,79.959366,-61.038651,29.521830,79.272560,-59.784687,30.246857,1.616030,-2.287100,28.197046,2.841292,-3.717758,27.466309,79.975922,-61.060394,29.528725,79.116310,2.359590,19.341129,10.478004,-18.292538,28.619585,54.458065,-33.001133,36.091187,74.418549,-31.798597,36.303112,8.662463,4.521677,23.540426,43.172005,0.174068,19.600433,75.372597,-46.816128,71.987854,40.829380,-44.304092,74.662666,8.234362,-40.046860,53.058731,31.297312,-44.603306,74.056732,73.142807
727,6.058000,-0.000376,0.000353,-0.000424,1.000000,-31.707674,28.860226,40.909595,-59.797157,30.251247,1.591957,-2.235991,28.194607,2.814463,-3.756783,27.471130,79.959930,-61.040771,29.523928,79.272141,-59.784973,30.248032,1.614855,-2.288728,28.199226,2.842919,-3.718998,27.467209,79.977028,-61.060272,29.532301,79.116615,2.358685,19.342018,10.477320,-18.292351,28.623611,54.459572,-33.030758,36.074512,74.434639,-31.815826,36.303734,8.661459,4.524613,23.551109,43.170059,0.179854,19.599895,75.380058,-46.741970,72.009834,40.823025,-44.284294,74.663071,8.238381,-40.044384,53.061634,31.295267,-44.598961,74.057236,73.148476
728,6.066000,-0.000381,0.000359,-0.000422,1.000000,-31.706896,28.859118,40.910027,-59.796886,30.249676,1.592740,-2.235711,28.193220,2.814522,-3.755498,27.470482,79.960007,-61.039497,29.523098,79.272934,-59.784859,30.246902,1.615585,-2.289593,28.197458,2.843797,-3.717024,27.466921,79.976814,-61.061485,29.530647,79.116043,2.364301,19.349319,10.480991,-18.291494,28.625751,54.462318,-33.050507,36.063911,74.443390,-31.819496,36.308491,8.663829,4.523267,23.556147,43.170403,0.195935,19.609024,75.376343,-46.687145,72.026627,40.817280,-44.273361,74.663910,8.240037,-40.036942,53.067757,31.291882,-44.588871,74.058624,73.156792
729,6.075000,-0.000384,0.000354,-0.000418,1.000000,-31.705383,28.859716,40.909721,-59.795006,30.249817,1.592153,-2.233821,28.193867,2.814505,-3.754354,27.471537,79.959984,-61.038357,29.523649,79.272339,-59.784691,30.247629,1.615805,-2.289941,28.198164,2.844142,-3.721364,27.468603,79.973412,-61.062199,29.530548,79.117432,2.365371,19.351608,10.478577,-18.293674,28.630272,54.460438,-33.071075,36.060989,74.448738,-31.816339,36.312778,8.669109,4.520090,23.557207,43.175209,0.204712,19.609810,75.379921,-46.635391,72.039215,40.815681,-44.265038,74.659683,8.237830,-40.029240,53.076752,31.287548,-44.576332,74.062675,73.163231
730,6.083000,-0.000360,0.000364,-0.000416,1.000000,-31.705173,28.858583,40.911480,-59.795528,30.250490,1.594496,-2.234307,28.194633,2.815688,-3.753418,27.468613,79.961166,-61.037453,29.520607,79.274681,-59.785156,30.247190,1.618394,-2.289987,28.200563,2.844742,-3.719733,27.464539,79.975388,-61.061405,29.530647,79.116264,2.370206,19.356697,10.480464,-18.292814,28.629662,54.463791,-33.087414,36.061062,74.446251,-31.812630,36.313400,8.671847,4.519220,23.555447,43.177746,0.209959,19.608894,75.381737,-46.569492,72.052513,40.837231,-44.254585,74.662292,8.243361,-40.018036,53.084934,31.288279,-44.576351,74.063065,73.171524
731,6.091000,-0.000389,0.000365,-0.000401,1.000000,-31.704735,28.860443,40.910614,-59.795261,30.249166,1.593634,-2.233967,28.195175,2.814764,-3.752807,27.473635,79.960289,-61.036907,29.523808,79.273865,-59.785259,30.247255,1.617767,-2.289664,28.199036,2.845410,-3.720647,27.471024,79.972549,-61.060886,29.530016,79.117203,2.372729,19.359240,10.478531,-18.293474,28.626945,54.466187,-33.095699,36.061356,74.447098,-31.813272,36.315018,8.676547,4.516642,23.555004,43.179585,0.216191,19.610472,75.382980,-46.527695,72.069168,40.857018,-44.245922,74.664757,8.245923,-40.004097,53.090763,31.287224,-44.570412,74.062546,73.181084
732,6.099000,-0.000393,0.000368,-0.000396,1.000000,-31.704372,28.859428,40.911694,-59.795155,30.247602,1.594874,-2.233827,28.194178,2.815670,-3.752190,27.473164,79.961205,-61.036324,29.522774,79.275116,-59.784718,30.244967,1.619524,-2.288603,28.199097,2.843354,-3.719613,27.469816,79.974800,-61.061615,29.531050,79.117210,2.377142,19.365105,10.479525,-18.292986,28.627750,54.469204,-33.102520,36.066696,74.448570,-31.817871,36.313499,8.682292,4.512108,23.554430,43.182362,0.215722,19.607515,75.382820,-46.501423,72.073334,40.867310,-44.235806,74.665794,8.252460,-39.967640,53.110546,31.280848,-44.568317,74.062843,73.189751
733,6.108000,-0.000363,0.000375,-0.000389,1.000000,-31.703552,28.858959,40.911938,-59.794903,30.249075,1.595601,-2.233538,28.196400,2.815458,-3.750804,27.470770,79.960976,-61.034966,29.519602,79.275826,-59.784580,30.245701,1.620126,-2.288008,28.202486,2.843344,-3.717584,27.466646,79.974457,-61.061871,29.530090,79.117622,2.382413,19.372282,10.483120,-18.284645,28.614408,54.488529,-33.103912,36.066090,74.451416,-31.818092,36.307777,8.695275,4.507140,23.551237,43.184200,0.219363,19.607582,75.382851,-46.459118,72.081253,40.878345,-44.223259,74.665337,8.261255,-39.950989,53.121567,31.283304,-44.564545,74.062279,73.198135
734,6.116000,-0.000326,0.000350,-0.000372,1.000000,-31.705168,28.860229,40.912758,-59.794582,30.252367,1.595113,-2.233207,28.201508,2.817717,-3.754342,27.470032,79.963097,-61.038544,29.517019,79.275200,-59.786751,30.248255,1.616100,-2.292785,28.209518,2.860232,-3.718505,27.464863,79.973534,-61.061745,29.529751,79.118065,2.486438,19.465658,10.488292,-18.288681,28.603756,54.504906,-33.100899,36.062698,74.462578,-31.829700,36.304222,8.693509,4.503991,23.546144,43.184601,0.225928,19.611935,75.385597,-46.441498,72.081711,40.889408,-44.210453,74.666107,8.267136,-39.943516,53.125809,31.288830,-44.563763,74.060150,73.206612
735,6.125000,-0.000312,0.000340,-0.000344,1.000000,-31.704102,28.859722,40.914188,-59.792782,30.251333,1.596001,-2.231321,28.203661,2.819744,-3.754011,27.470049,79.965073,-61.038303,29.513853,79.276047,-59.785305,30.246683,1.616764,-2.292752,28.212881,2.867234,-3.718545,27.464386,79.973694,-61.060745,29.528225,79.117432,2.672393,19.632179,10.563852,-18.289480,28.595558,54.518116,-33.096359,36.058247,74.486839,-31.843584,36.302177,8.698403,4.500606,23.541956,43.185593,0.225453,19.609741,75.384796,-46.425018,72.082413,40.902012,-44.197540,74.668709,8.274899,-39.935547,53.126587,31.294971,-44.557644,74.060120,73.218613
736,6.133000,-0.000335,0.000343,-0.000371,1.000000,-31.703640,28.859022,40.914803,-59.792496,30.250294,1.596728,-2.231136,28.199663,2.820200,-3.753367,27.469687,79.965576,-61.037563,29.516455,79.276817,-59.783703,30.245796,1.618090,-2.294799,28.208715,2.867239,-3.718716,27.464306,79.973862,-61.060841,29.530338,79.117950,2.692559,19.604904,10.563251,-18.292040,28.599571,54.524143,-33.087906,36.048519,74.506638,-31.877262,36.291183,8.707465,4.496503,23.543291,43.187443,0.216927,19.599485,75.383286,-46.409908,72.082970,40.916229,-44.188377,74.664169,8.282867,-39.928127,53.124451,31.299614,-44.552250,74.055702,73.229660
737,6.141000,-0.000332,0.000354,-0.000385,1.000000,-31.704325,28.859694,40.914162,-59.793972,30.252039,1.596686,-2.232641,28.199726,2.818930,-3.753272,27.469286,79.964333,-61.037422,29.517729,79.276802,-59.785683,30.247217,1.617442,-2.295509,28.209290,2.864949,-3.717529,27.463440,79.973763,-61.060638,29.532516,79.118622,2.696111,19.618341,10.555347,-18.295773,28.616270,54.520340,-33.077171,36.041988,74.528145,-31.884146,36.275257,8.723982,4.492745,23.545879,43.187096,0.213637,19.593086,75.384117,-46.407845,72.091042,40.929993,-44.179390,74.659889,8.291113,-39.920570,53.121864,31.303808,-44.547237,74.049500,73.241333
738,6.150000,-0.000332,0.000349,-0.000386,1.000000,-31.704187,28.857899,40.913818,-59.793449,30.250290,1.596066,-2.232134,28.197819,2.818871,-3.753516,27.467447,79.964256,-61.037647,29.516047,79.276169,-59.785099,30.245018,1.617213,-2.294307,28.208145,2.863892,-3.718729,27.461201,79.973648,-61.059780,29.532125,79.117653,2.699960,19.639610,10.549156,-18.295706,28.623840,54.517204,-33.063202,36.037514,74.545189,-31.891802,36.260067,8.735222,4.489686,23.549614,43.186684,0.211618,19.586418,75.380035,-46.405418,72.063789,40.928459,-44.168720,74.656937,8.304122,-39.912918,53.122322,31.312286,-44.541737,74.051292,73.244957
739,6.158000,-0.000311,0.000349,-0.000380,1.000000,-31.703360,28.857821,40.914581,-59.792664,30.251514,1.596910,-2.231330,28.199711,2.819583,-3.752640,27.466076,79.964951,-61.036800,29.513990,79.276978,-59.784668,30.246248,1.618075,-2.292921,28.209988,2.865072,-3.717664,27.459818,79.974167,-61.059113,29.530138,79.117416,2.704943,19.652859,10.546581,-18.294977,28.622389,54.522194,-33.048622,36.033176,74.554588,-31.905907,36.246254,8.740644,4.484321,23.557774,43.186237,0.206568,19.578259,75.376747,-46.414452,72.060013,40.933277,-44.160938,74.653900,8.310800,-39.907230,53.118088,31.323198,-44.537895,74.046631,73.251572
740,6.166000,-0.000309,0.000351,-0.000391,1.000000,-31.703966,28.858263,40.914047,-59.793388,30.252794,1.596490,-2.232093,28.199703,2.818936,-3.753135,27.465683,79.964294,-61.037254,29.514875,79.276566,-59.786217,30.248188,1.616832,-2.292627,28.208710,2.863883,-3.716746,27.459890,79.974831,-61.058224,29.529051,79.117851,2.736213,19.700220,10.602453,-18.298344,28.620115,54.527306,-33.035393,36.030708,74.558868,-31.920460,36.227627,8.743026,4.484764,23.559679,43.189358,0.207105,19.576094,75.374466,-46.427837,72.055199,40.944054,-44.155724,74.649864,8.319942,-39.901031,53.111778,31.331003,-44.531326,74.041351,73.257080
741,6.174000,-0.000329,0.000351,-0.000395,1.000000,-31.704409,28.860451,40.914288,-59.793812,30.253607,1.596671,-2.232534,28.200186,2.819207,-3.753591,27.469236,79.964600,-61.037697,29.518778,79.276772,-59.786777,30.249489,1.616210,-2.294128,28.208389,2.865168,-3.715451,27.463791,79.975777,-61.059147,29.531506,79.119156,2.747661,19.702919,10.619625,-18.300871,28.615835,54.532963,-33.017941,36.032440,74.560150,-31.938896,36.214642,8.752761,4.482520,23.566771,43.189281,0.195407,19.561785,75.372314,-46.446804,72.038315,40.946983,-44.154350,74.641739,8.324739,-39.897865,53.105068,31.340313,-44.530888,74.038872,73.260643
742,6.183000,-0.000336,0.000349,-0.000388,1.000000,-31.704441,28.860844,40.915604,-59.793682,30.253071,1.597837,-2.232385,28.200430,2.820671,-3.753784,27.470552,79.966064,-61.037910,29.519325,79.277946,-59.786861,30.249422,1.617233,-2.294560,28.207857,2.867204,-3.715120,27.465538,79.977760,-61.058224,29.530769,79.118431,2.747066,19.713316,10.621430,-18.302240,28.609186,54.539837,-32.999359,36.032902,74.558830,-31.951084,36.197098,8.762257,4.484552,23.574955,43.187733,0.192004,19.556660,75.369751,-46.468975,72.033089,40.957310,-44.151505,74.635468,8.328734,-39.891972,53.086029,31.373882,-44.522945,74.036163,73.262283
743,6.191000,-0.000341,0.000352,-0.000385,1.000000,-31.702778,28.859394,40.915363,-59.792282,30.251062,1.597762,-2.230957,28.198755,2.820251,-3.751868,27.469662,79.965660,-61.036007,29.518106,79.277878,-59.784691,30.246370,1.618121,-2.293592,28.208122,2.867718,-3.715711,27.463877,79.975121,-61.057873,29.532534,79.119102,2.743431,19.722570,10.618093,-18.304504,28.600159,54.544586,-32.972984,36.031353,74.550705,-31.954399,36.181324,8.765102,4.488398,23.585609,43.187256,0.180442,19.543627,75.362854,-46.482304,72.019058,40.961086,-44.146164,74.633217,8.339229,-39.889519,53.069233,31.389416,-44.515800,74.035934,73.263535
744,6.200000,-0.000340,0.000269,-0.000406,1.000000,-31.709763,28.859064,40.904106,-59.792721,30.251986,1.581874,-2.231693,28.197298,2.813852,-3.765351,27.468082,79.959007,-61.049294,29.518896,79.261795,-59.789131,30.246845,1.596315,-2.294043,28.207296,2.866613,-3.718143,27.459896,79.974953,-61.057854,29.532597,79.120285,2.741741,19.725710,10.616918,-18.306339,28.593367,54.544384,-32.960197,36.036022,74.542809,-31.957453,36.165894,8.768435,4.491595,23.596945,43.184383,0.177748,19.541321,75.362404,-46.516850,72.006409,40.963890,-44.133537,74.630424,8.345122,-39.883785,53.059769,31.401432,-44.494934,74.029663,73.266052
745,6.208000,-0.000313,0.000332,-0.000378,1.000000,-31.703585,28.858276,40.913090,-59.791576,30.251753,1.594478,-2.230281,28.200203,2.819082,-3.754172,27.466751,79.964386,-61.038315,29.514412,79.274513,-59.784134,30.246635,1.614255,-2.293981,28.210432,2.868032,-3.717110,27.460411,79.973969,-61.060070,29.529947,79.116959,2.738024,19.724642,10.617490,-18.307739,28.590759,54.546780,-32.951412,36.036392,74.541313,-31.958889,36.155075,8.771148,4.494710,23.602985,43.183632,0.176521,19.538836,75.361145,-46.541821,71.994308,40.970337,-44.123341,74.629410,8.349524,-39.875988,53.051888,31.412857,-44.487537,74.025314,73.264542
746,6.216000,-0.000342,0.000346,-0.000380,1.000000,-31.703430,28.860313,40.914417,-59.792484,30.251554,1.596487,-2.231160,28.199896,2.819645,-3.752959,27.471003,79.965042,-61.037117,29.518805,79.276588,-59.784985,30.247234,1.616789,-2.292809,28.208500,2.866257,-3.716324,27.465570,79.974579,-61.060459,29.532183,79.118935,2.729868,19.725882,10.619084,-18.308861,28.585232,54.547127,-32.945293,36.028988,74.546730,-31.957758,36.144505,8.774638,4.496138,23.609951,43.182293,0.173063,19.534328,75.357376,-46.568062,71.979851,40.971771,-44.116489,74.624390,8.354074,-39.868759,53.041542,31.422529,-44.508698,73.997169,73.291168
747,6.224000,-0.000346,0.000350,-0.000351,1.000000,-31.703913,28.860363,40.915417,-59.793400,30.249655,1.597726,-2.231946,28.201332,2.820390,-3.753009,27.472994,79.965805,-61.037289,29.517477,79.277847,-59.785633,30.245165,1.618292,-2.294340,28.210295,2.867044,-3.717305,27.467457,79.975281,-61.059021,29.531284,79.119492,2.727992,19.727890,10.622679,-18.305902,28.573305,54.554237,-32.943100,36.022491,74.550568,-31.959105,36.109955,8.792756,4.495819,23.616230,43.182121,0.171231,19.531778,75.359634,-46.613083,71.956993,40.967213,-44.108791,74.622345,8.356120,-39.861141,53.032909,31.429428,-44.508869,73.989395,73.294731
748,6.233000,-0.000358,0.000345,-0.000364,1.000000,-31.703737,28.859249,40.915695,-59.792793,30.248320,1.597682,-2.231401,28.198528,2.820987,-3.753269,27.472097,79.966400,-61.037491,29.518055,79.277817,-59.783958,30.243816,1.618760,-2.295464,28.207624,2.867744,-3.719049,27.466711,79.975113,-61.058636,29.531750,79.120758,2.721525,19.725416,10.626758,-18.309057,28.564707,54.561138,-32.941990,36.008091,74.547867,-31.958939,36.087589,8.800890,4.494951,23.619146,43.182255,0.171865,19.533440,75.359810,-46.643238,71.934509,40.962257,-44.103329,74.616287,8.358471,-39.851372,53.025963,31.434536,-44.503464,73.983727,73.291954
749,6.241000,-0.000325,0.000345,-0.000365,1.000000,-31.702366,28.858999,40.915810,-59.791386,30.250751,1.597866,-2.229998,28.200701,2.821082,-3.751936,27.469181,79.966446,-61.036152,29.515368,79.277946,-59.783154,30.246548,1.618487,-2.293385,28.209192,2.867606,-3.716185,27.463961,79.976013,-61.058426,29.528341,79.119766,2.713242,19.719509,10.625587,-18.309153,28.563595,54.561108,-32.943336,36.005589,74.540543,-31.948168,36.064133,8.796097,4.496324,23.617586,43.183426,0.178485,19.541216,75.360069,-46.663929,71.923019,40.957867,-44.099583,74.609993,8.360815,-39.843018,53.021111,31.436836,-44.457142,73.996567,73.263260
750,6.250000,-0.000346,0.000337,-0.000361,1.000000,-31.703499,28.858509,40.915661,-59.791885,30.248425,1.597199,-2.230501,28.198936,2.821440,-3.753689,27.470520,79.966805,-61.037910,29.516167,79.277290,-59.783638,30.243778,1.617677,-2.293115,28.208145,2.866199,-3.718118,27.464815,79.977058,-61.059219,29.530275,79.120842,2.707987,19.712351,10.625578,-18.309515,28.560602,54.562969,-32.942028,35.997402,74.532829,-31.941700,36.049549,8.795791,4.496492,23.618174,43.183479,0.179709,19.540157,75.362236,-46.685585,71.911926,40.951530,-44.094280,74.602600,8.362765,-39.837543,53.014172,31.437557,-44.448582,73.990189,73.252113
751,6.258000,-0.000343,0.000339,-0.000365,1.000000,-31.703732,28.859774,40.917427,-59.792252,30.250147,1.599076,-2.230877,28.200193,2.823093,-3.753796,27.471329,79.968468,-61.038006,29.517429,79.279160,-59.784138,30.246252,1.619660,-2.294029,28.208092,2.868622,-3.718079,27.466387,79.978813,-61.058796,29.529482,79.120186,2.679176,19.694965,10.623952,-18.311462,28.559122,54.560192,-32.933662,35.990582,74.525505,-31.936449,36.039490,8.795756,4.497208,23.615765,43.183090,0.193414,19.550667,75.365631,-46.705975,71.900787,40.946911,-44.093079,74.594681,8.364799,-39.832058,53.006840,31.437090,-44.433430,73.977943,73.244293
752,6.266000,-0.000351,0.000346,-0.000367,1.000000,-31.704008,28.859806,40.917843,-59.793102,30.249605,1.599887,-2.231720,28.199476,2.823088,-3.753501,27.471930,79.968491,-61.037712,29.518219,79.280006,-59.785347,30.245838,1.620299,-2.294262,28.207081,2.867849,-3.716787,27.467009,79.979790,-61.058342,29.529995,79.119102,2.671947,19.692635,10.622750,-18.309870,28.561043,54.559441,-32.931644,35.986576,74.522675,-31.930754,36.028969,8.796567,4.495840,23.616449,43.182240,0.196771,19.549404,75.364891,-46.724236,71.889793,40.947239,-44.091801,74.588593,8.366632,-39.828270,53.001083,31.438467,-44.420944,73.974701,73.237312
753,6.275000,-0.000332,0.000344,-0.000353,1.000000,-31.703457,28.860748,40.917850,-59.792423,30.251270,1.599827,-2.230990,28.202660,2.823195,-3.753078,27.472157,79.968567,-61.037338,29.516914,79.279915,-59.784473,30.246866,1.620352,-2.292212,28.211216,2.865933,-3.715989,27.466560,79.980186,-61.059887,29.530514,79.120270,2.668153,19.693195,10.621629,-18.311811,28.559219,54.556763,-32.926792,35.979465,74.520721,-31.926214,36.013569,8.796187,4.495417,23.610765,43.180824,0.210370,19.555714,75.366669,-46.757988,71.873299,40.934944,-44.090843,74.583992,8.371954,-39.826363,52.994949,31.438255,-44.410778,73.972733,73.227852
754,6.283000,-0.000345,0.000357,-0.000369,1.000000,-31.703875,28.859478,40.917431,-59.793808,30.249872,1.600087,-2.232403,28.199461,2.822039,-3.752539,27.471012,79.967468,-61.036766,29.517572,79.280220,-59.785645,30.246550,1.621112,-2.293766,28.206127,2.863867,-3.715869,27.466589,79.979523,-61.058594,29.528130,79.117912,2.662254,19.690592,10.620919,-18.311440,28.553576,54.557133,-32.920971,35.969536,74.520523,-31.921886,36.000423,8.794938,4.494903,23.603352,43.179874,0.216803,19.558170,75.369324,-46.811695,71.850807,40.926586,-44.092121,74.575081,8.373906,-39.826214,52.985321,31.440016,-44.419098,73.969231,73.215866
755,6.291000,-0.000354,0.000351,-0.000349,1.000000,-31.703880,28.860001,40.918159,-59.793388,30.248598,1.600450,-2.231923,28.200451,2.823138,-3.752968,27.473318,79.968559,-61.037254,29.517639,79.280594,-59.784920,30.244068,1.621735,-2.294199,28.209373,2.866337,-3.717287,27.467758,79.979340,-61.059891,29.531729,79.118759,2.657879,19.688807,10.620456,-18.311380,28.545527,54.559444,-32.916187,35.960377,74.522942,-31.918980,35.991634,8.794243,4.490339,23.600832,43.179600,0.222126,19.559013,75.369568,-46.858242,71.822884,40.927338,-44.094452,74.570778,8.373111,-39.827206,52.978199,31.439060,-44.405769,73.968185,73.201225
756,6.299000,-0.000345,0.000350,-0.000368,1.000000,-31.703842,28.860033,40.918049,-59.793236,30.250376,1.600322,-2.231839,28.200106,2.823064,-3.753039,27.471615,79.968468,-61.037254,29.518042,79.280434,-59.784859,30.246788,1.621862,-2.294234,28.207375,2.867200,-3.718090,27.467081,79.978676,-61.058773,29.529385,79.117798,2.655587,19.687109,10.621407,-18.314051,28.542933,54.561157,-32.909542,35.954014,74.523865,-31.915136,35.981361,8.792398,4.486151,23.598673,43.181313,0.230874,19.564070,75.371513,-46.900566,71.801826,40.931168,-44.097416,74.563530,8.373673,-39.826488,52.973007,31.438276,-44.396389,73.962303,73.188141
757,6.308000,-0.000356,0.000350,-0.000364,1.000000,-31.704477,28.859447,40.917397,-59.793915,30.248693,1.599661,-2.232510,28.198883,2.822396,-3.753626,27.472124,79.967819,-61.037861,29.518101,79.279800,-59.786449,30.244663,1.620374,-2.294159,28.206957,2.867966,-3.717781,27.467007,79.978127,-61.058445,29.530684,79.118866,2.652424,19.686251,10.623132,-18.316925,28.540283,54.558807,-32.898937,35.949783,74.521812,-31.911064,35.969994,8.793526,4.482623,23.595324,43.183727,0.235757,19.565813,75.372704,-46.944843,71.784424,40.932060,-44.101479,74.556175,8.376868,-39.827980,52.962364,31.434505,-44.393688,73.955956,73.175140
758,6.316000,-0.000345,0.000338,-0.000346,1.000000,-31.704599,28.859722,40.917007,-59.793102,30.248863,1.598611,-2.231660,28.201107,2.822727,-3.754669,27.472502,79.968094,-61.038960,29.516426,79.278694,-59.786110,30.244839,1.618708,-2.293555,28.209230,2.869533,-3.718065,27.467289,79.978577,-61.058784,29.528952,79.118851,2.652403,19.684557,10.623245,-18.316006,28.539085,54.557915,-32.893787,35.948677,74.515068,-31.908794,35.961189,8.791864,4.482633,23.588018,43.186401,0.239584,19.567366,75.374573,-46.984451,71.771774,40.926914,-44.102520,74.554893,8.381054,-39.829407,52.955669,31.433456,-44.389496,73.954483,73.164978
759,6.325000,-0.000339,0.000333,-0.000368,1.000000,-31.704086,28.857744,40.917839,-59.792198,30.248590,1.599213,-2.230844,28.198307,2.823803,-3.754559,27.468828,79.969147,-61.038750,29.515257,79.279282,-59.784393,30.244228,1.619868,-2.293672,28.207033,2.869499,-3.718562,27.463358,79.979675,-61.059456,29.528793,79.117897,2.647450,19.679945,10.621422,-18.314255,28.537411,54.556698,-32.889633,35.945801,74.509804,-31.906525,35.952862,8.790807,4.479998,23.585766,43.186714,0.239539,19.567415,75.375122,-47.052612,71.747383,40.914581,-44.106018,74.547157,8.378753,-39.830750,52.951286,31.432671,-44.377552,73.953514,73.152939
760,6.333000,-0.000341,0.000340,-0.000359,1.000000,-31.703743,28.857988,40.916340,-59.792381,30.248182,1.598075,-2.230984,28.198887,2.821931,-3.753686,27.469719,79.967300,-61.037922,29.515171,79.278160,-59.784962,30.243677,1.618749,-2.293033,28.207874,2.869033,-3.717873,27.464142,79.976784,-61.059345,29.529160,79.117493,2.646160,19.677677,10.621281,-18.316185,28.535593,54.557419,-32.889046,35.946117,74.509094,-31.905382,35.949192,8.790081,4.480007,23.580120,43.185570,0.244994,19.572636,75.376091,-47.127247,71.732613,40.909706,-44.109379,74.543510,8.377378,-39.830528,52.945255,31.432152,-44.376240,73.950638,73.142242
761,6.341000,-0.000336,0.000345,-0.000377,1.000000,-31.703529,28.857645,40.915295,-59.792507,30.249203,1.597315,-2.231163,28.197817,2.820587,-3.753138,27.468025,79.965965,-61.037315,29.515547,79.277405,-59.784626,30.245188,1.618193,-2.293849,28.205929,2.867174,-3.717628,27.463003,79.975510,-61.058884,29.528078,79.116829,2.645567,19.680162,10.624747,-18.315407,28.532494,54.558350,-32.892677,35.941151,74.507835,-31.901646,35.944767,8.788435,4.481243,23.576773,43.184502,0.241740,19.569885,75.377121,-47.176212,71.712234,40.907501,-44.111382,74.541153,8.378604,-39.833485,52.939575,31.430849,-44.370594,73.949524,73.130882
762,6.349000,-0.000338,0.000349,-0.000377,1.000000,-31.703121,28.858624,40.915176,-59.792389,30.250055,1.597401,-2.231040,28.198647,2.820247,-3.752440,27.469126,79.965652,-61.036617,29.516670,79.277504,-59.784050,30.245605,1.619026,-2.292156,28.207407,2.864792,-3.718187,27.463779,79.974571,-61.059006,29.530407,79.118690,2.645410,19.679659,10.623034,-18.315145,28.529453,54.558933,-32.899456,35.937408,74.507118,-31.898550,35.941582,8.787407,4.481385,23.580950,43.182888,0.239185,19.567768,75.374825,-47.218231,71.698288,40.901329,-44.114296,74.539009,8.377759,-39.833332,52.936203,31.432163,-44.367790,73.945465,73.120850
763,6.358000,-0.000325,0.000347,-0.000393,1.000000,-31.702137,28.857712,40.914673,-59.791256,30.250996,1.596859,-2.229983,28.197798,2.819806,-3.751603,27.466372,79.965179,-61.035709,29.515686,79.276947,-59.783218,30.246534,1.618035,-2.291058,28.206543,2.863503,-3.716469,27.460899,79.975334,-61.057449,29.529461,79.117378,2.644015,19.676111,10.624485,-18.313528,28.531780,54.560799,-32.907757,35.932507,74.507812,-31.892035,35.937466,8.789144,4.480702,23.588968,43.181194,0.233959,19.564562,75.375404,-47.276421,71.669167,40.894924,-44.121899,74.533424,8.375129,-39.836544,52.934872,31.429342,-44.368259,73.941429,73.106758
764,6.366000,-0.000328,0.000345,-0.000394,1.000000,-31.702147,28.858011,40.914692,-59.791065,30.251154,1.596725,-2.229795,28.197834,2.819979,-3.751814,27.466812,79.965355,-61.035912,29.516253,79.276810,-59.782619,30.246492,1.617643,-2.293349,28.207144,2.865607,-3.716636,27.461157,79.975250,-61.057209,29.530542,79.117210,2.643582,19.676327,10.624254,-18.313745,28.535297,54.559010,-32.919914,35.927513,74.504173,-31.888929,35.934086,8.789500,4.484512,23.588711,43.181763,0.231912,19.565960,75.373657,-47.342197,71.647240,40.891090,-44.130154,74.528061,8.374800,-39.837982,52.931206,31.426704,-44.366638,73.942497,73.095924
765,6.375000,-0.000331,0.000332,-0.000402,1.000000,-31.702793,28.859116,40.914333,-59.790684,30.252468,1.595643,-2.229479,28.198257,2.820379,-3.753480,27.467705,79.965714,-61.037529,29.518036,79.275696,-59.783363,30.248127,1.615740,-2.291806,28.206984,2.867831,-3.717120,27.462229,79.975426,-61.058681,29.531410,79.117737,2.641809,19.677534,10.623960,-18.315536,28.539192,54.555614,-32.932644,35.929020,74.502144,-31.885740,35.927670,8.789553,4.485259,23.591909,43.181374,0.230425,19.567303,75.372070,-47.398376,71.628433,40.888126,-44.135979,74.525948,8.370945,-39.843979,52.928131,31.424736,-44.366177,73.944267,73.080132
766,6.383000,-0.000338,0.000342,-0.000379,1.000000,-31.703350,28.859922,40.914379,-59.792091,30.251471,1.596230,-2.230769,28.199894,2.819839,-3.753191,27.470308,79.965225,-61.037350,29.518026,79.276321,-59.784657,30.248291,1.617410,-2.291679,28.206438,2.867163,-3.718499,27.466206,79.973602,-61.058544,29.528156,79.116646,2.641908,19.680319,10.623372,-18.314623,28.542992,54.548550,-32.959305,35.918369,74.513054,-31.885597,35.925495,8.788589,4.487328,23.593340,43.183197,0.222906,19.561077,75.368874,-47.435127,71.614662,40.880905,-44.145142,74.515244,8.367877,-39.870590,52.914303,31.427908,-44.362267,73.954117,73.058342
767,6.391000,-0.000337,0.000342,-0.000375,1.000000,-31.703558,28.861254,40.914955,-59.792328,30.252689,1.596823,-2.230993,28.201500,2.820402,-3.753370,27.471754,79.965775,-61.037540,29.519081,79.276917,-59.784943,30.248991,1.617594,-2.291771,28.208908,2.865763,-3.717448,27.466997,79.975700,-61.059307,29.530706,79.117165,2.641773,19.679808,10.622756,-18.314854,28.549553,54.546772,-32.978107,35.907536,74.524513,-31.884087,35.919044,8.785657,4.485443,23.598106,43.184422,0.218208,19.558851,75.368492,-47.465290,71.604660,40.862400,-44.154926,74.514091,8.367864,-39.881107,52.907658,31.431835,-44.367214,73.948669,73.050270
768,6.400000,-0.000353,0.000340,-0.000355,1.000000,-31.702618,28.861963,40.913830,-59.791302,30.250990,1.595560,-2.229893,28.202156,2.819398,-3.752506,27.474857,79.964790,-61.036755,29.519861,79.275665,-59.783012,30.248213,1.617212,-2.291077,28.207928,2.864481,-3.718509,27.471241,79.973473,-61.058361,29.528725,79.117188,2.643261,19.678938,10.623890,-18.312948,28.549692,54.547428,-32.996838,35.904671,74.530693,-31.885130,35.916458,8.784541,4.483891,23.600271,43.186443,0.212517,19.556425,75.368484,-47.486614,71.596733,40.850849,-44.164024,74.508102,8.364210,-39.891033,52.899818,31.430281,-44.368011,73.947037,73.042458
769,6.408000,-0.000355,0.000343,-0.000352,1.000000,-31.703218,28.861158,40.914780,-59.792103,30.249870,1.596636,-2.230668,28.201427,2.820218,-3.752914,27.474367,79.965614,-61.037182,29.518980,79.276749,-59.784500,30.245098,1.618298,-2.290048,28.210661,2.864480,-3.718807,27.468658,79.974655,-61.058498,29.533735,79.116707,2.644720,19.676607,10.624176,-18.313210,28.547993,54.549789,-33.010429,35.896679,74.530930,-31.884390,35.912544,8.785214,4.484208,23.599817,43.187859,0.211039,19.557173,75.367126,-47.493874,71.595398,40.847202,-44.174316,74.501091,8.358866,-39.903542,52.896915,31.427986,-44.374195,73.943192,73.036293
770,6.416000,-0.000336,0.000337,-0.000368,1.000000,-31.704145,28.860893,40.914642,-59.792496,30.251991,1.596200,-2.231142,28.201664,2.820423,-3.754375,27.471729,79.965775,-61.038570,29.518200,79.276268,-59.785809,30.247480,1.617182,-2.289572,28.210377,2.864647,-3.719207,27.466118,79.975807,-61.058510,29.532194,79.116005,2.648388,19.677561,10.624249,-18.314413,28.547405,54.549927,-33.027618,35.893436,74.532158,-31.885639,35.909557,8.783705,4.484301,23.601351,43.189293,0.207464,19.557915,75.367119,-47.501171,71.591309,40.842480,-44.185638,74.492821,8.357250,-39.913185,52.892677,31.423811,-44.385014,73.935234,73.028770
771,6.424000,-0.000341,0.000347,-0.000382,1.000000,-31.703386,28.860289,40.913860,-59.792542,30.251780,1.596007,-2.231219,28.199820,2.819011,-3.752816,27.470732,79.964409,-61.036968,29.518833,79.276108,-59.784573,30.247137,1.617316,-2.291166,28.208790,2.861575,-3.717405,27.465057,79.974709,-61.059994,29.533211,79.116600,2.649886,19.682127,10.624159,-18.314245,28.548342,54.550629,-33.046360,35.895218,74.531731,-31.885008,35.900002,8.775940,4.484466,23.601368,43.188900,0.201049,19.555513,75.367912,-47.505032,71.589195,40.840702,-44.194088,74.486359,8.350920,-39.925350,52.889790,31.419819,-44.383545,73.935219,73.024300
772,6.433000,-0.000338,0.000356,-0.000380,1.000000,-31.702482,28.859282,40.914082,-59.792305,30.250868,1.596704,-2.230951,28.199121,2.818733,-3.751257,27.469629,79.964157,-61.035419,29.517517,79.276833,-59.784328,30.246868,1.618671,-2.291193,28.207054,2.864429,-3.716697,27.464745,79.972237,-61.059559,29.530186,79.115692,2.651832,19.681599,10.623024,-18.314993,28.551685,54.549480,-33.069828,35.896393,74.531242,-31.883032,35.897396,8.775199,4.485826,23.601805,43.187080,0.198264,19.554863,75.364403,-47.504883,71.588753,40.838608,-44.203491,74.480873,8.345847,-39.939987,52.884430,31.414648,-44.385700,73.936806,73.019722
773,6.441000,-0.000319,0.000351,-0.000378,1.000000,-31.702980,28.859270,40.915367,-59.792473,30.252281,1.597807,-2.231124,28.200733,2.820247,-3.752083,27.468204,79.965630,-61.036255,29.515869,79.277893,-59.785397,30.247551,1.618674,-2.291531,28.210011,2.866707,-3.716133,27.462381,79.974922,-61.058743,29.530630,79.116760,2.655038,19.683022,10.624905,-18.312922,28.553312,54.548309,-33.089607,35.903229,74.531738,-31.880993,35.892487,8.775449,4.486357,23.602011,43.184574,0.196548,19.553732,75.363518,-47.495918,71.589653,40.835171,-44.210785,74.475822,8.340844,-39.948833,52.881050,31.412771,-44.385105,73.936104,73.016663
774,6.450000,-0.000334,0.000337,-0.000374,1.000000,-31.703217,28.858593,40.915024,-59.791626,30.250206,1.596642,-2.230296,28.199160,2.820742,-3.753391,27.468914,79.966095,-61.037560,29.516098,79.276718,-59.784012,30.245014,1.617440,-2.292037,28.209337,2.866613,-3.718008,27.462646,79.975883,-61.058468,29.532024,79.116425,2.657688,19.685593,10.623750,-18.313946,28.557652,54.546009,-33.114319,35.904442,74.532822,-31.880203,35.890751,8.775963,4.487286,23.599253,43.183250,0.195082,19.551155,75.363853,-47.480289,71.595436,40.830807,-44.218998,74.468582,8.335171,-39.962761,52.875984,31.406195,-44.383041,73.937729,73.016922
775,6.458000,-0.000350,0.000345,-0.000376,1.000000,-31.703985,28.860008,40.914970,-59.793007,30.250443,1.596981,-2.231660,28.199232,2.820253,-3.753552,27.471504,79.965652,-61.037724,29.518867,79.277100,-59.784740,30.246279,1.618216,-2.293928,28.207546,2.864759,-3.718161,27.466349,79.975723,-61.060055,29.531870,79.116020,2.657985,19.687683,10.621010,-18.312832,28.559807,54.545807,-33.138309,35.904072,74.536888,-31.879112,35.889729,8.777523,4.487846,23.595522,43.179470,0.194752,19.549156,75.365158,-47.458721,71.605400,40.830441,-44.227390,74.464920,8.326877,-39.975967,52.880692,31.399101,-44.383030,73.938728,73.015045
776,6.466000,-0.000344,0.000357,-0.000380,1.000000,-31.704256,28.861273,40.914883,-59.794189,30.252426,1.597568,-2.232832,28.200689,2.819458,-3.752917,27.472050,79.964890,-61.037086,29.519934,79.277710,-59.786057,30.249321,1.618955,-2.294521,28.207067,2.864139,-3.717236,27.467983,79.974663,-61.060654,29.529936,79.116112,2.659555,19.686872,10.621799,-18.312099,28.562059,54.546631,-33.159771,35.902275,74.537537,-31.881273,35.898460,8.780859,4.489220,23.594717,43.177670,0.199517,19.553131,75.364700,-47.433620,71.616249,40.828411,-44.238647,74.455269,8.318326,-39.988327,52.881271,31.392483,-44.383583,73.942795,73.019089
777,6.474000,-0.000349,0.000345,-0.000356,1.000000,-31.704939,28.860903,40.914864,-59.793972,30.250275,1.596847,-2.232549,28.201305,2.820176,-3.754491,27.473454,79.965576,-61.038746,29.518583,79.276955,-59.785294,30.246363,1.618641,-2.295506,28.209240,2.866033,-3.720526,27.468697,79.974319,-61.060226,29.530800,79.115936,2.663226,19.688931,10.621797,-18.311823,28.564692,54.546356,-33.181396,35.906021,74.532646,-31.885798,35.902733,8.782762,4.489276,23.594318,43.177147,0.203839,19.557119,75.367500,-47.394768,71.631256,40.826340,-44.248974,74.450752,8.309974,-39.999477,52.881588,31.387175,-44.376450,73.947746,73.023071
778,6.483000,-0.000338,0.000334,-0.000339,1.000000,-31.706450,28.862459,40.914719,-59.794659,30.251745,1.596117,-2.233198,28.204739,2.820665,-3.756818,27.475094,79.966011,-61.041130,29.518261,79.276184,-59.787548,30.247440,1.617558,-2.292274,28.213156,2.866332,-3.722835,27.469858,79.974632,-61.061161,29.531605,79.116493,2.662634,19.689152,10.621085,-18.311081,28.571949,54.544544,-33.202026,35.909851,74.524750,-31.893284,35.900669,8.776427,4.487751,23.593075,43.180038,0.207797,19.560102,75.369759,-47.336090,71.652481,40.823883,-44.269302,74.435982,8.298598,-40.009811,52.878082,31.381550,-44.379414,73.950256,73.026764
779,6.491000,-0.000339,0.000344,-0.000345,1.000000,-31.704470,28.861221,40.915607,-59.793461,30.250761,1.597568,-2.231994,28.203129,2.820963,-3.754065,27.473604,79.966339,-61.038364,29.517397,79.277657,-59.785408,30.246380,1.619318,-2.293059,28.211779,2.865931,-3.719527,27.468306,79.975403,-61.060802,29.531120,79.115761,2.662501,19.691992,10.619681,-18.312830,28.577194,54.542805,-33.215488,35.916161,74.518066,-31.902012,35.902714,8.772841,4.484706,23.592434,43.181648,0.213681,19.563719,75.371239,-47.264755,71.677277,40.827995,-44.283695,74.423416,8.289623,-40.021534,52.872265,31.376806,-44.379433,73.953003,73.031097
780,6.500000,-0.000354,0.000346,-0.000351,1.000000,-31.704834,28.862053,40.915237,-59.794010,30.250820,1.597300,-2.232563,28.202433,2.820453,-3.754240,27.475204,79.965866,-61.038517,29.519760,79.277428,-59.786152,30.246349,1.618892,-2.293833,28.211317,2.867566,-3.719813,27.469835,79.973877,-61.061054,29.533714,79.116676,2.661727,19.688038,10.620160,-18.311197,28.580172,54.541111,-33.228298,35.919147,74.515541,-31.913652,35.901398,8.773430,4.481580,23.592360,43.184887,0.214551,19.561069,75.371323,-47.205753,71.693367,40.831203,-44.299522,74.414551,8.278822,-40.038971,52.869137,31.365902,-44.375481,73.958519,73.033943
781,6.508000,-0.000348,0.000336,-0.000363,1.000000,-31.705526,28.862499,40.914261,-59.793842,30.252373,1.595750,-2.232471,28.202620,2.820089,-3.755790,27.474552,79.965462,-61.040009,29.520464,79.275833,-59.786243,30.248669,1.616617,-2.294439,28.210169,2.867464,-3.720891,27.469885,79.974335,-61.060570,29.532034,79.116737,2.662386,19.687546,10.621216,-18.314098,28.590561,54.539597,-33.233509,35.919048,74.516190,-31.928408,35.902260,8.771868,4.480652,23.592525,43.186741,0.217759,19.560701,75.370148,-47.165215,71.704620,40.832184,-44.314079,74.402206,8.271365,-40.053585,52.864433,31.360113,-44.373650,73.963715,73.038757
782,6.516000,-0.000346,0.000338,-0.000350,1.000000,-31.704706,28.862450,40.913662,-59.793236,30.251709,1.595286,-2.231810,28.203487,2.819356,-3.754753,27.475113,79.964737,-61.039032,29.519495,79.275368,-59.785400,30.247900,1.615992,-2.295216,28.211313,2.868071,-3.719450,27.470341,79.973343,-61.060440,29.531372,79.116043,2.663464,19.691006,10.620657,-18.312674,28.594149,54.537762,-33.235302,35.924072,74.518044,-31.941673,35.902466,8.765620,4.480242,23.593143,43.186935,0.222462,19.562939,75.371971,-47.117718,71.699966,40.829960,-44.325645,74.389801,8.259491,-40.068161,52.860432,31.353861,-44.373486,73.966507,73.041573
783,6.525000,-0.000343,0.000338,-0.000363,1.000000,-31.704374,28.861094,40.914925,-59.792881,30.251329,1.596564,-2.231503,28.201597,2.820608,-3.754452,27.472786,79.965981,-61.038673,29.518669,79.276649,-59.785103,30.247313,1.618074,-2.292788,28.209642,2.867186,-3.719976,27.467855,79.974541,-61.060246,29.531273,79.115387,2.663852,19.687590,10.624475,-18.309042,28.583282,54.539211,-33.231838,35.929237,74.519295,-31.957287,35.909889,8.760858,4.481820,23.595724,43.186375,0.220193,19.559210,75.373634,-47.052910,71.710434,40.827568,-44.345276,74.376312,8.251797,-40.079411,52.854794,31.351820,-44.366447,73.973915,73.047104
784,6.533000,-0.000326,0.000333,-0.000357,1.000000,-31.704573,28.860643,40.913948,-59.792702,30.251915,1.595357,-2.231312,28.202789,2.819902,-3.755021,27.471308,79.965225,-61.039257,29.516569,79.275406,-59.785072,30.247467,1.615819,-2.293854,28.211704,2.867042,-3.719536,27.465809,79.974693,-61.059807,29.530209,79.117119,2.659630,19.686855,10.622774,-18.308575,28.577429,54.544186,-33.219994,35.926125,74.522720,-31.972343,35.909958,8.758078,4.483272,23.596699,43.186729,0.224901,19.562769,75.373474,-46.982479,71.735214,40.830212,-44.367962,74.358925,8.244017,-40.089859,52.851845,31.349030,-44.361950,73.979927,73.050163
785,6.541000,-0.000326,0.000345,-0.000364,1.000000,-31.703735,28.858482,40.913475,-59.792755,30.250067,1.595524,-2.231359,28.200209,2.818751,-3.753302,27.468836,79.964111,-61.037529,29.514828,79.275604,-59.783997,30.245539,1.616725,-2.295501,28.209352,2.865768,-3.718825,27.463415,79.972816,-61.059284,29.528719,79.116821,2.656301,19.689514,10.619935,-18.311161,28.585136,54.543922,-33.207165,35.922104,74.529686,-31.985876,35.913494,8.757078,4.485919,23.594847,43.185749,0.230863,19.567957,75.373909,-46.939514,71.750275,40.835205,-44.390179,74.344093,8.235970,-40.098934,52.844543,31.347954,-44.353325,73.990219,73.055939
786,6.549000,-0.000331,0.000360,-0.000366,1.000000,-31.703318,28.859335,40.914680,-59.793507,30.250687,1.597556,-2.232084,28.200621,2.819079,-3.751722,27.469917,79.964493,-61.035954,29.516121,79.277679,-59.784309,30.246490,1.619845,-2.295070,28.209084,2.865172,-3.718370,27.464941,79.972160,-61.058701,29.529184,79.117676,2.654514,19.688463,10.620496,-18.309475,28.580385,54.544449,-33.188240,35.919716,74.536972,-31.996700,35.918388,8.764168,4.487325,23.598295,43.185795,0.229681,19.567106,75.372162,-46.900784,71.756050,40.839748,-44.410622,74.325478,8.227507,-40.104847,52.841175,31.346172,-44.355728,73.993454,73.059776
787,6.558000,-0.000328,0.000357,-0.000331,1.000000,-31.703281,28.859974,40.916332,-59.793343,30.249601,1.599061,-2.231791,28.203484,2.820894,-3.751814,27.472273,79.966301,-61.036182,29.514542,79.279175,-59.785183,30.245453,1.620447,-2.293747,28.211784,2.866502,-3.717183,27.467197,79.975418,-61.057926,29.527458,79.119072,2.655874,19.686640,10.623921,-18.308632,28.572325,54.548923,-33.160530,35.922382,74.541603,-32.011051,35.918297,8.763706,4.488007,23.598431,43.184391,0.226386,19.563698,75.372223,-46.855885,71.756187,40.841198,-44.430904,74.313065,8.222459,-40.110912,52.837807,31.341156,-44.361893,73.986458,73.077240
788,6.566000,-0.000351,0.000342,-0.000342,1.000000,-31.703720,28.860924,40.915695,-59.792564,30.249352,1.597512,-2.231091,28.201988,2.821177,-3.753459,27.474413,79.966568,-61.037766,29.517948,79.277626,-59.784473,30.245642,1.618413,-2.293272,28.209486,2.865765,-3.718674,27.469727,79.976784,-61.057465,29.529413,79.119087,2.654604,19.686905,10.622933,-18.310110,28.571438,54.549526,-33.134575,35.919426,74.546371,-32.023407,35.912971,8.764304,4.488621,23.599110,43.184010,0.230331,19.565674,75.371918,-46.818932,71.764862,40.841896,-44.447090,74.298271,8.216986,-40.112625,52.832748,31.339914,-44.357021,73.994057,73.081848
789,6.575000,-0.000341,0.000345,-0.000344,1.000000,-31.705717,28.860832,40.914616,-59.794773,30.250116,1.596612,-2.233300,28.202612,2.819926,-3.755245,27.473467,79.965309,-61.039555,29.517136,79.276711,-59.787518,30.246437,1.616963,-2.294692,28.210072,2.865879,-3.719565,27.468702,79.975494,-61.058968,29.528566,79.118561,2.654532,19.688900,10.621960,-18.312006,28.567419,54.551208,-33.098080,35.930927,74.546494,-32.040100,35.913658,8.754259,4.490223,23.600010,43.183170,0.225507,19.559622,75.370476,-46.750156,71.787872,40.844265,-44.462921,74.284897,8.216442,-40.113041,52.826469,31.335878,-44.352577,74.005264,73.085953
790,6.583000,-0.000339,0.000343,-0.000352,1.000000,-31.705383,28.860765,40.914337,-59.794258,30.250656,1.596227,-2.232826,28.202217,2.819762,-3.755090,27.472803,79.965141,-61.039364,29.517395,79.276321,-59.786034,30.246527,1.618000,-2.293259,28.210381,2.864414,-3.721859,27.467834,79.973610,-61.059742,29.530087,79.118713,2.655142,19.687994,10.622346,-18.311468,28.565117,54.551189,-33.067623,35.936649,74.539093,-32.051926,35.907455,8.768379,4.490932,23.601820,43.182030,0.226839,19.563946,75.371582,-46.717541,71.802330,40.837383,-44.475861,74.274422,8.216819,-40.116833,52.825474,31.336811,-44.348923,74.009895,73.087402
791,6.591000,-0.000345,0.000348,-0.000377,1.000000,-31.705057,28.858494,40.915375,-59.794258,30.249395,1.597539,-2.232921,28.197998,2.820504,-3.754437,27.469522,79.965904,-61.038612,29.517067,79.277657,-59.785557,30.244633,1.619118,-2.295955,28.207478,2.865950,-3.720842,27.463902,79.974907,-61.058800,29.531612,79.118156,2.658178,19.690599,10.622831,-18.315014,28.565180,54.549633,-33.036095,35.938293,74.541084,-32.072124,35.898964,8.760014,4.492157,23.600609,43.182827,0.221255,19.559721,75.371811,-46.695541,71.808014,40.836578,-44.490364,74.262215,8.214247,-40.119221,52.819843,31.335617,-44.349968,74.011833,73.091164
792,6.599000,-0.000366,0.000275,-0.000373,1.000000,-31.711552,28.859592,40.904472,-59.795063,30.248564,1.582497,-2.233884,28.197771,2.813905,-3.766584,27.472534,79.959122,-61.050678,29.519501,79.262459,-59.791790,30.244753,1.598149,-2.296171,28.205660,2.867243,-3.720855,27.466206,79.974464,-61.058975,29.530230,79.116592,2.659638,19.691177,10.620402,-18.313105,28.560820,54.548584,-33.003139,35.936657,74.547173,-32.087299,35.898052,8.758792,4.491232,23.601227,43.182327,0.215276,19.556465,75.368591,-46.681099,71.808327,40.839878,-44.516392,74.242233,8.210918,-40.126358,52.798939,31.348217,-44.336884,74.019470,73.093925
793,6.608000,-0.000357,0.000318,-0.000358,1.000000,-31.706816,28.858629,40.913746,-59.793705,30.247477,1.594183,-2.232352,28.198359,2.820668,-3.758499,27.471697,79.965996,-61.042709,29.516987,79.274239,-59.786247,30.243319,1.614305,-2.295633,28.206831,2.868880,-3.722253,27.466415,79.975700,-61.062866,29.529783,79.116096,2.661119,19.691696,10.621401,-18.314985,28.556198,54.550934,-32.941322,35.946335,74.534248,-32.101830,35.885311,8.756602,4.489769,23.599926,43.183662,0.210672,19.555159,75.367538,-46.672489,71.807259,40.842144,-44.542564,74.219719,8.205281,-40.126629,52.784927,31.353382,-44.331783,74.026695,73.094963
794,6.616000,-0.000350,0.000340,-0.000378,1.000000,-31.705948,28.859282,40.914639,-59.794514,30.249796,1.596332,-2.233198,28.198389,2.820253,-3.755960,27.470695,79.965637,-61.040127,29.518253,79.276428,-59.786648,30.245771,1.617445,-2.295329,28.206503,2.867237,-3.721406,27.465742,79.974403,-61.060833,29.530733,79.116943,2.664155,19.695551,10.622009,-18.314930,28.552011,54.554878,-32.898148,35.966156,74.520699,-32.133530,35.873875,8.757541,4.487138,23.599739,43.185375,0.206580,19.554169,75.367401,-46.667038,71.805679,40.843918,-44.563126,74.201591,8.201857,-40.127968,52.781330,31.353266,-44.331890,74.030334,73.096146
795,6.625000,-0.000357,0.000363,-0.000370,1.000000,-31.704866,28.858149,40.915470,-59.795296,30.247662,1.598459,-2.233890,28.197134,2.819711,-3.753027,27.470558,79.965179,-61.037254,29.517252,79.278633,-59.785980,30.243773,1.620977,-2.297800,28.205160,2.868452,-3.720425,27.465946,79.971466,-61.058838,29.529390,79.118622,2.668499,19.699739,10.623020,-18.316044,28.549847,54.558254,-32.851906,35.983448,74.508957,-32.150928,35.865116,8.758747,4.484004,23.599350,43.186352,0.202744,19.551781,75.364288,-46.669163,71.802124,40.842525,-44.583069,74.186371,8.196918,-40.130569,52.776390,31.349586,-44.322968,74.035370,73.096672
796,6.633000,-0.000357,0.000360,-0.000379,1.000000,-31.704319,28.860527,40.915611,-59.794502,30.250570,1.598442,-2.233139,28.199001,2.820018,-3.752723,27.472410,79.965477,-61.036907,29.520136,79.278603,-59.785591,30.246765,1.620750,-2.296227,28.206837,2.869277,-3.720338,27.467875,79.971504,-61.057461,29.531965,79.119781,2.670722,19.703329,10.621022,-18.317984,28.542269,54.557575,-32.813454,35.999371,74.505959,-32.159187,35.859798,8.760042,4.481696,23.600103,43.185581,0.194496,19.545340,75.363228,-46.671665,71.796738,40.842106,-44.597931,74.176544,8.195879,-40.132156,52.769314,31.346479,-44.316158,74.043564,73.095917
797,6.641000,-0.000365,0.000350,-0.000374,1.000000,-31.704193,28.859985,40.915398,-59.793579,30.249146,1.597625,-2.232215,28.198200,2.820426,-3.753397,27.472740,79.965866,-61.037582,29.519855,79.277771,-59.784424,30.245235,1.619896,-2.297272,28.206366,2.872807,-3.721061,27.468140,79.970947,-61.057568,29.531855,79.119583,2.692141,19.725363,10.622353,-18.317430,28.535942,54.560577,-32.781635,36.004219,74.506508,-32.167675,35.852798,8.760211,4.480227,23.598761,43.186081,0.191001,19.542599,75.362335,-46.680603,71.790520,40.839775,-44.611328,74.167053,8.195144,-40.134800,52.764023,31.347265,-44.315910,74.046211,73.097282
798,6.650000,-0.000354,0.000335,-0.000380,1.000000,-31.704559,28.860983,40.914734,-59.792786,30.251295,1.596174,-2.231485,28.199652,2.820605,-3.754911,27.472597,79.965981,-61.039055,29.520395,79.276276,-59.784824,30.247072,1.616774,-2.295770,28.208361,2.871459,-3.720428,27.467468,79.973473,-61.059399,29.533329,79.119041,2.697852,19.733488,10.621273,-18.319181,28.531849,54.563892,-32.754299,36.007042,74.518669,-32.176022,35.842991,8.762715,4.477960,23.597754,43.185669,0.185842,19.536207,75.362762,-46.693924,71.785049,40.836670,-44.626865,74.158875,8.194212,-40.137844,52.758282,31.347286,-44.310780,74.049789,73.094978
799,6.658000,-0.000354,0.000335,-0.000381,1.000000,-31.704897,28.861227,40.915112,-59.793114,30.251642,1.596552,-2.231815,28.199825,2.820987,-3.755257,27.472738,79.966362,-61.039398,29.520712,79.276649,-59.785347,30.248064,1.617006,-2.296203,28.207308,2.870872,-3.720052,27.468189,79.974991,-61.059334,29.531860,79.117317,2.699998,19.739491,10.622293,-18.319857,28.530296,54.564911,-32.733490,36.000530,74.534897,-32.181786,35.833694,8.765767,4.477287,23.595268,43.185417,0.185034,19.534769,75.359100,-46.705284,71.781761,40.837856,-44.642284,74.145340,8.188895,-40.140160,52.753960,31.346693,-44.310966,74.053726,73.092857
800,6.666000,-0.000355,0.000337,-0.000360,1.000000,-31.705534,28.861635,40.915253,-59.793949,30.250757,1.596785,-2.232561,28.201426,2.821025,-3.755698,27.474434,79.966408,-61.039925,29.519934,79.276886,-59.786121,30.247435,1.617745,-2.295486,28.208347,2.870112,-3.721433,27.470224,79.974350,-61.059944,29.530334,79.118332,2.702669,19.742147,10.622875,-18.321703,28.528414,54.564030,-32.713013,35.999565,74.553734,-32.188137,35.828430,8.765649,4.473675,23.596434,43.184883,0.184456,19.532705,75.359085,-46.723087,71.774529,40.834240,-44.658970,74.138664,8.190344,-40.143349,52.748043,31.347107,-44.307217,74.069283,73.082207
801,6.674000,-0.000354,0.000340,-0.000384,1.000000,-31.703844,28.860468,40.916065,-59.792446,30.251011,1.597780,-2.231151,28.198830,2.821645,-3.753829,27.471849,79.967041,-61.037956,29.520187,79.277893,-59.783859,30.247059,1.618958,-2.295063,28.206898,2.868418,-3.719227,27.466997,79.976067,-61.059231,29.532423,79.118263,2.704091,19.746119,10.621661,-18.322090,28.526806,54.561539,-32.693546,35.992794,74.568306,-32.190643,35.823498,8.768946,4.472912,23.595936,43.186344,0.184974,19.531563,75.358932,-46.742748,71.765770,40.832085,-44.673264,74.127441,8.190734,-40.145016,52.743179,31.349560,-44.283169,74.084129,73.062920
802,6.683000,-0.000358,0.000342,-0.000343,1.000000,-31.704268,28.859818,40.915581,-59.793163,30.247772,1.597413,-2.231687,28.200344,2.821037,-3.753963,27.473778,79.966446,-61.038269,29.517385,79.277534,-59.784149,30.243507,1.619010,-2.296253,28.209070,2.868701,-3.720228,27.468697,79.974495,-61.059536,29.530516,79.118202,2.703222,19.749283,10.620838,-18.322123,28.531942,54.555542,-32.672413,35.993473,74.577827,-32.192989,35.816364,8.768733,4.472754,23.595530,43.186821,0.188294,19.532700,75.359612,-46.765831,71.759750,40.829811,-44.689648,74.119141,8.189456,-40.149521,52.735352,31.351608,-44.274559,74.089325,73.055687
803,6.691000,-0.000350,0.000345,-0.000344,1.000000,-31.703884,28.859663,40.914974,-59.792934,30.248234,1.596949,-2.231473,28.200733,2.820292,-3.753409,27.473009,79.965691,-61.037720,29.516682,79.277061,-59.784740,30.244398,1.617341,-2.296326,28.208689,2.868909,-3.717554,27.468172,79.974892,-61.059315,29.528587,79.118309,2.704481,19.752989,10.621072,-18.321697,28.538975,54.551540,-32.657055,35.997356,74.575653,-32.196346,35.809151,8.766973,4.472536,23.594936,43.186295,0.188321,19.532934,75.360786,-46.818226,71.736855,40.829994,-44.708492,74.109962,8.188106,-40.153278,52.729122,31.352722,-44.279697,74.087807,73.052063
804,6.700000,-0.000344,0.000344,-0.000371,1.000000,-31.703392,28.860172,40.913483,-59.792297,30.250772,1.595423,-2.230936,28.200081,2.818850,-3.753069,27.471500,79.964241,-61.037266,29.518341,79.275528,-59.782440,30.246431,1.618201,-2.294637,28.208845,2.866850,-3.720842,27.466494,79.970161,-61.059101,29.531515,79.119087,2.702922,19.755701,10.621509,-18.321857,28.536728,54.551857,-32.629349,36.015598,74.554131,-32.196636,35.802410,8.769148,4.472808,23.598749,43.185379,0.192316,19.535303,75.360939,-46.859531,71.713150,40.834789,-44.729065,74.106728,8.195937,-40.159203,52.722305,31.355328,-44.282578,74.086105,73.049461
805,6.708000,-0.000337,0.000347,-0.000368,1.000000,-31.703625,28.860790,40.912762,-59.792782,30.251806,1.594892,-2.231398,28.201488,2.817941,-3.753054,27.471703,79.963326,-61.037266,29.518166,79.274986,-59.783596,30.247772,1.617118,-2.294066,28.209686,2.865413,-3.720345,27.466932,79.969833,-61.059319,29.530598,79.118378,2.702508,19.753172,10.619977,-18.322214,28.534138,54.551991,-32.621696,36.033566,74.540260,-32.197132,35.796829,8.770992,4.473883,23.601927,43.183510,0.198882,19.539700,75.362495,-46.885555,71.702126,40.839813,-44.743008,74.103127,8.199357,-40.191177,52.698578,31.366140,-44.284515,74.085289,73.044479
806,6.716000,-0.000334,0.000334,-0.000374,1.000000,-31.704393,28.863167,40.912483,-59.792530,30.254740,1.593906,-2.231210,28.203667,2.818408,-3.754836,27.473534,79.963753,-61.038994,29.520741,79.273972,-59.784172,30.251234,1.615070,-2.292840,28.210787,2.863706,-3.720865,27.469154,79.972542,-61.059731,29.531544,79.118553,2.700995,19.755381,10.619561,-18.321791,28.532791,54.553719,-32.620216,36.038475,74.531776,-32.195683,35.791435,8.771234,4.476538,23.603565,43.181145,0.201353,19.538227,75.360580,-46.909256,71.693100,40.838875,-44.767208,74.087051,8.197474,-40.201805,52.683552,31.373825,-44.286777,74.084793,73.040535
807,6.724000,-0.000355,0.000336,-0.000353,1.000000,-31.705173,28.862371,40.913185,-59.793484,30.251148,1.594636,-2.232078,28.202549,2.819046,-3.755438,27.475512,79.964424,-61.039700,29.520285,79.274734,-59.785851,30.248106,1.615448,-2.293918,28.208887,2.865854,-3.720921,27.471537,79.973541,-61.058975,29.529854,79.116798,2.698143,19.757229,10.619415,-18.321775,28.533810,54.555153,-32.625450,36.038380,74.529099,-32.193348,35.784695,8.770541,4.479330,23.610037,43.179520,0.210388,19.543072,75.359871,-46.928356,71.683693,40.837067,-44.786949,74.080276,8.196656,-40.204819,52.675610,31.377203,-44.291351,74.079773,73.033997
808,6.733000,-0.000357,0.000344,-0.000359,1.000000,-31.703972,28.863071,40.914101,-59.792973,30.252007,1.596043,-2.231565,28.202745,2.819440,-3.753558,27.476057,79.964851,-61.037804,29.521486,79.276169,-59.783672,30.249268,1.618429,-2.294805,28.208569,2.867116,-3.720881,27.472601,79.971466,-61.059391,29.530209,79.117714,2.697375,19.755421,10.621362,-18.322542,28.528446,54.557877,-32.644226,36.022095,74.545738,-32.192493,35.777290,8.772486,4.482135,23.615101,43.177902,0.216284,19.543901,75.362663,-46.952778,71.675171,40.832748,-44.804222,74.071976,8.195103,-40.206974,52.670990,31.378391,-44.299221,74.074326,73.028778
809,6.741000,-0.000347,0.000341,-0.000356,1.000000,-31.703821,28.862354,40.913082,-59.792542,30.251884,1.594847,-2.231130,28.202946,2.818620,-3.753683,27.474749,79.964005,-61.037933,29.519848,79.274948,-59.783218,30.248508,1.617827,-2.292604,28.209791,2.864892,-3.721793,27.470707,79.970345,-61.058895,29.530283,79.117744,2.692086,19.755682,10.621868,-18.323950,28.521263,54.566799,-32.662315,36.003300,74.563469,-32.192253,35.769112,8.772632,4.484768,23.615011,43.178261,0.220652,19.544338,75.364204,-46.979027,71.666344,40.829185,-44.814598,74.065796,8.196695,-40.208515,52.668667,31.380358,-44.304409,74.069351,73.024078
810,6.750000,-0.000338,0.000343,-0.000355,1.000000,-31.705439,28.861919,40.913303,-59.794308,30.252117,1.595199,-2.232888,28.203314,2.818722,-3.755155,27.473650,79.964104,-61.039413,29.518600,79.275284,-59.786110,30.249008,1.616739,-2.294570,28.209743,2.865672,-3.722136,27.469742,79.971939,-61.058571,29.528296,79.118004,2.689401,19.757948,10.622255,-18.325762,28.520197,54.566544,-32.677971,35.982544,74.575737,-32.190319,35.756058,8.771915,4.484149,23.616594,43.177269,0.224820,19.543613,75.364838,-47.037228,71.638939,40.826794,-44.827988,74.062256,8.201649,-40.208714,52.659573,31.381941,-44.314709,74.060562,73.018196
811,6.758000,-0.000330,0.000340,-0.000368,1.000000,-31.704811,28.861666,40.914078,-59.793427,30.253225,1.595834,-2.232060,28.202877,2.819651,-3.754783,27.472040,79.965004,-61.038982,29.518526,79.275909,-59.784286,30.249197,1.618898,-2.292817,28.210869,2.864787,-3.723330,27.467340,79.971863,-61.058556,29.530865,79.117935,2.684819,19.757235,10.622652,-18.325060,28.523731,54.563747,-32.696186,35.976219,74.580856,-32.187538,35.745811,8.770950,4.482972,23.618988,43.178791,0.236933,19.552790,75.364861,-47.082199,71.613144,40.830746,-44.841419,74.053368,8.215310,-40.209583,52.649563,31.378960,-44.321438,74.053429,73.013161
812,6.766000,-0.000327,0.000344,-0.000364,1.000000,-31.704054,28.859203,40.913063,-59.792984,30.250767,1.595050,-2.231595,28.200890,2.818408,-3.753710,27.469578,79.963768,-61.037933,29.515591,79.275131,-59.783737,30.246246,1.617667,-2.293851,28.209951,2.864830,-3.721663,27.464336,79.970535,-61.058659,29.529470,79.117027,2.661190,19.741472,10.620907,-18.324179,28.525415,54.561340,-32.711491,35.969898,74.569099,-32.185966,35.730103,8.769422,4.481020,23.621313,43.180920,0.233110,19.546833,75.365570,-47.114933,71.594200,40.834312,-44.849712,74.049545,8.220957,-40.209438,52.643021,31.377777,-44.331150,74.048080,73.004669
813,6.775000,-0.000326,0.000349,-0.000376,1.000000,-31.703876,28.859743,40.913208,-59.793198,30.251995,1.595503,-2.231851,28.200758,2.818227,-3.753140,27.469429,79.963615,-61.037315,29.516798,79.275597,-59.784653,30.247711,1.617486,-2.293685,28.209349,2.865380,-3.720060,27.464357,79.970787,-61.058689,29.530039,79.117180,2.655452,19.739098,10.619032,-18.324951,28.526276,54.559582,-32.728149,35.972275,74.555305,-32.178844,35.721870,8.770382,4.478149,23.621340,43.180370,0.236000,19.546812,75.369415,-47.151306,71.579239,40.830330,-44.870960,74.043465,8.225142,-40.212040,52.638729,31.380711,-44.345062,74.040550,72.998932
814,6.783000,-0.000343,0.000343,-0.000373,1.000000,-31.704554,28.861063,40.913235,-59.793385,30.251911,1.595128,-2.232039,28.200977,2.818650,-3.754303,27.472147,79.964027,-61.038494,29.519228,79.275223,-59.785366,30.247932,1.616396,-2.293968,28.209028,2.866635,-3.720383,27.467308,79.971657,-61.059593,29.531515,79.117859,2.651284,19.737946,10.620285,-18.324125,28.525454,54.559517,-32.745640,35.974632,74.548141,-32.177090,35.713669,8.771602,4.477563,23.621346,43.181953,0.240958,19.549370,75.367592,-47.178051,71.570358,40.825157,-44.895092,74.032249,8.219400,-40.212109,52.631771,31.377199,-44.362713,74.032753,72.990974
815,6.791000,-0.000352,0.000333,-0.000372,1.000000,-31.704708,28.859646,40.913742,-59.792774,30.249655,1.595059,-2.231443,28.198954,2.819744,-3.755215,27.471560,79.965118,-61.039398,29.518419,79.275146,-59.783810,30.245737,1.617169,-2.294446,28.206978,2.867853,-3.722742,27.466896,79.971764,-61.059761,29.530502,79.117508,2.647305,19.736012,10.620350,-18.324135,28.522182,54.561859,-32.761761,35.977856,74.543999,-32.170780,35.708256,8.771317,4.476176,23.619665,43.182606,0.243305,19.550217,75.368523,-47.210373,71.568039,40.810345,-44.918995,74.015335,8.208985,-40.214260,52.629124,31.375595,-44.380348,74.024651,72.984947
816,6.799000,-0.000371,0.000325,-0.000365,1.000000,-31.704515,28.861582,40.913227,-59.791977,30.249735,1.594043,-2.230635,28.199852,2.819726,-3.755629,27.475340,79.965103,-61.039822,29.521408,79.274139,-59.782059,30.247107,1.617138,-2.294526,28.205418,2.867431,-3.723872,27.472082,79.971352,-61.059616,29.529572,79.116127,2.646046,19.734625,10.621581,-18.325647,28.520769,54.560684,-32.775337,35.979698,74.538216,-32.166401,35.703728,8.772035,4.476311,23.615746,43.182682,0.243082,19.548576,75.369492,-47.249958,71.559998,40.794594,-44.936844,74.009789,8.208679,-40.219543,52.627258,31.372377,-44.393265,74.019333,72.979668
817,6.808000,-0.000364,0.000339,-0.000383,1.000000,-31.705688,28.861692,40.913795,-59.794201,30.251366,1.595420,-2.232900,28.199409,2.819461,-3.755763,27.473942,79.964867,-61.039902,29.522058,79.275536,-59.785812,30.248686,1.617326,-2.295458,28.205130,2.868299,-3.722921,27.470503,79.971718,-61.059582,29.530624,79.116188,2.643659,19.733932,10.624318,-18.324125,28.519365,54.561909,-32.789364,35.986309,74.530441,-32.155334,35.692226,8.782634,4.475114,23.614429,43.180630,0.244426,19.549341,75.369362,-47.293800,71.526512,40.781750,-44.952496,74.003098,8.206825,-40.223766,52.617599,31.363747,-44.402485,74.019073,72.968742
818,6.816000,-0.000363,0.000343,-0.000382,1.000000,-31.705177,28.862047,40.914402,-59.793980,30.251772,1.596230,-2.232665,28.199926,2.819851,-3.754961,27.474245,79.965263,-61.039108,29.522255,79.276360,-59.784378,30.248714,1.619542,-2.295244,28.206211,2.866952,-3.723110,27.470551,79.971504,-61.059528,29.531729,79.117241,2.640177,19.735376,10.623175,-18.324835,28.518599,54.564445,-32.803513,35.989609,74.523598,-32.159904,35.692017,8.775089,4.475023,23.614616,43.180897,0.241498,19.546982,75.367638,-47.339924,71.500175,40.778809,-44.966286,73.998817,8.206696,-40.228523,52.617413,31.361204,-44.415249,74.015411,72.961159
819,6.825000,-0.000355,0.000351,-0.000389,1.000000,-31.703848,28.861824,40.914780,-59.793247,30.252529,1.597074,-2.231946,28.199875,2.819750,-3.753030,27.473047,79.965172,-61.037159,29.521851,79.277214,-59.784443,30.249346,1.618658,-2.295269,28.206524,2.867332,-3.719060,27.469053,79.972809,-61.059612,29.531876,79.119293,2.638805,19.733706,10.623276,-18.324511,28.520390,54.565449,-32.815735,36.003418,74.521690,-32.160713,35.690876,8.772043,4.474356,23.612686,43.181095,0.241054,19.548147,75.368240,-47.387753,71.479675,40.781918,-44.984863,73.992966,8.200778,-40.239689,52.621037,31.368265,-44.425259,74.013031,72.951508
820,6.833000,-0.000344,0.000353,-0.000397,1.000000,-31.703817,28.861076,40.914200,-59.793354,30.253183,1.596639,-2.232081,28.199478,2.819043,-3.752878,27.470905,79.964462,-61.036968,29.520741,79.276764,-59.784794,30.249617,1.618208,-2.294663,28.206808,2.867021,-3.719157,27.466530,79.971680,-61.059063,29.531855,79.119621,2.635044,19.732641,10.622128,-18.324846,28.521669,54.563843,-32.825893,36.008305,74.520096,-32.162281,35.688046,8.770351,4.473376,23.613256,43.181839,0.241994,19.551281,75.368317,-47.421608,71.469650,40.780621,-45.014896,73.976288,8.195955,-40.252476,52.612221,31.359056,-44.436134,74.008949,72.942635
821,6.841000,-0.000350,0.000349,-0.000401,1.000000,-31.703863,28.859955,40.914135,-59.793102,30.251762,1.596352,-2.231857,28.197687,2.819195,-3.753206,27.470081,79.964615,-61.037285,29.520294,79.276482,-59.784115,30.248413,1.617818,-2.296356,28.204697,2.867298,-3.718970,27.465912,79.972435,-61.059822,29.530800,79.117790,2.634436,19.732128,10.623343,-18.322924,28.524622,54.562290,-32.836948,36.011135,74.520218,-32.164158,35.687714,8.766274,4.472478,23.612854,43.181332,0.230945,19.544195,75.366280,-47.451546,71.463844,40.776142,-45.033325,73.969719,8.190266,-40.263676,52.609150,31.354734,-44.442410,74.010109,72.933144
822,6.849000,-0.000349,0.000344,-0.000393,1.000000,-31.703562,28.860891,40.913719,-59.792446,30.252335,1.595676,-2.231187,28.199158,2.819058,-3.753257,27.471378,79.964455,-61.037357,29.520699,79.275787,-59.783680,30.248434,1.616459,-2.296134,28.207224,2.866929,-3.717742,27.466536,79.973236,-61.060619,29.532814,79.117737,2.624232,19.752125,10.607103,-18.322355,28.527594,54.562386,-32.853706,36.006432,74.525330,-32.166344,35.687984,8.766020,4.471875,23.611643,43.180706,0.223930,19.541700,75.365479,-47.477959,71.457687,40.768684,-45.053337,73.961014,8.186393,-40.278164,52.604908,31.351448,-44.453171,74.006256,72.926933
823,6.858000,-0.000350,0.000344,-0.000378,1.000000,-31.704102,28.859638,40.914589,-59.793030,30.250195,1.596540,-2.231705,28.198761,2.819932,-3.753755,27.471012,79.965332,-61.037922,29.518599,79.276657,-59.785126,30.246643,1.617600,-2.294106,28.206039,2.866781,-3.718716,27.466515,79.974380,-61.059338,29.529779,79.116570,2.630174,19.735582,10.616599,-18.323622,28.531996,54.563026,-32.866516,36.003479,74.533867,-32.169060,35.686214,8.765219,4.470168,23.611950,43.181248,0.216877,19.539352,75.362251,-47.519440,71.445839,40.755116,-45.069084,73.959305,8.183300,-40.297405,52.599026,31.349718,-44.454720,74.004242,72.916664
824,6.866000,-0.000342,0.000332,-0.000384,1.000000,-31.704193,28.860903,40.915112,-59.792171,30.252399,1.596421,-2.230897,28.200262,2.821136,-3.754789,27.471340,79.966492,-61.038910,29.519615,79.276489,-59.784340,30.249182,1.616882,-2.294982,28.207047,2.869598,-3.719308,27.467133,79.975830,-61.058926,29.529745,79.116982,2.622645,19.752840,10.605080,-18.321518,28.532005,54.563694,-32.890266,35.984905,74.541939,-32.170120,35.688740,8.766115,4.470537,23.611391,43.182564,0.211260,19.536613,75.361694,-47.556931,71.431206,40.746265,-45.083237,73.957779,8.180373,-40.330051,52.589520,31.341721,-44.459206,73.999870,72.909088
825,6.875000,-0.000351,0.000336,-0.000384,1.000000,-31.704494,28.860966,40.914993,-59.792786,30.251789,1.596504,-2.231503,28.199619,2.820799,-3.754780,27.472071,79.966179,-61.038910,29.520390,79.276596,-59.784676,30.247932,1.617206,-2.294693,28.207502,2.868124,-3.719595,27.467251,79.975151,-61.060436,29.532328,79.118874,2.628206,19.735971,10.618517,-18.321508,28.534046,54.564117,-32.905960,35.977306,74.546028,-32.170441,35.688843,8.764799,4.471018,23.611782,43.183022,0.209002,19.536165,75.360031,-47.591053,71.416786,40.740860,-45.097977,73.952087,8.175068,-40.351093,52.587276,31.339125,-44.463715,73.999039,72.901138
826,6.883000,-0.000358,0.000346,-0.000385,1.000000,-31.703276,28.861458,40.914124,-59.792294,30.251778,1.596126,-2.230981,28.199568,2.819392,-3.752849,27.473063,79.964813,-61.036987,29.521427,79.276260,-59.784359,30.247747,1.616721,-2.293752,28.207726,2.866335,-3.716852,27.468004,79.974144,-61.059761,29.533955,79.117752,2.632267,19.732882,10.624929,-18.321640,28.537718,54.561661,-32.915516,35.972534,74.535614,-32.169689,35.694607,8.761890,4.471994,23.611395,43.181767,0.206420,19.536280,75.359734,-47.631653,71.405022,40.744442,-45.113628,73.951195,8.172430,-40.365986,52.584541,31.337717,-44.466736,73.994026,72.893829
827,6.891000,-0.000330,0.000345,-0.000363,1.000000,-31.703314,28.860617,40.914036,-59.792358,30.251842,1.596093,-2.230960,28.202108,2.819297,-3.752854,27.471325,79.964676,-61.037086,29.517197,79.276184,-59.785259,30.247086,1.616747,-2.291271,28.211403,2.864981,-3.716797,27.465439,79.974457,-61.058987,29.531933,79.116356,2.632743,19.729916,10.622573,-18.322105,28.543259,54.560787,-32.926769,35.974815,74.527626,-32.168297,35.698273,8.762325,4.472697,23.613894,43.179123,0.197536,19.530336,75.358253,-47.674793,71.401161,40.758312,-45.131943,73.942215,8.168722,-40.400227,52.561951,31.343534,-44.465488,73.992630,72.886940
828,6.900000,-0.000327,0.000339,-0.000382,1.000000,-31.704262,28.861135,40.914112,-59.792751,30.253670,1.595822,-2.231446,28.201727,2.819747,-3.754356,27.470545,79.965096,-61.038494,29.518610,79.275879,-59.785187,30.249464,1.616340,-2.293940,28.210201,2.867281,-3.718542,27.465290,79.974388,-61.060005,29.531652,79.116692,2.632448,19.732580,10.621693,-18.320646,28.545916,54.561615,-32.942265,35.977032,74.518700,-32.167088,35.702419,8.760365,4.474554,23.614494,43.176960,0.195533,19.531984,75.357491,-47.707901,71.403419,40.762554,-45.158501,73.934097,8.164024,-40.423084,52.551373,31.349499,-44.467041,73.990402,72.881081
829,6.908000,-0.000352,0.000340,-0.000393,1.000000,-31.703577,28.861410,40.914459,-59.792091,30.252651,1.596138,-2.230838,28.199444,2.820077,-3.753644,27.472099,79.965469,-61.037743,29.521450,79.276237,-59.784126,30.249395,1.616736,-2.294110,28.206217,2.867135,-3.717501,27.467834,79.975044,-61.060188,29.531765,79.116707,2.626269,19.753916,10.604712,-18.322262,28.546032,54.562550,-32.970066,35.961319,74.531448,-32.168167,35.706120,8.759011,4.476048,23.617542,43.173988,0.192925,19.532248,75.359520,-47.727417,71.405090,40.758266,-45.179466,73.928818,8.157345,-40.436428,52.551060,31.348272,-44.471294,73.987328,72.874985
830,6.916000,-0.000355,0.000347,-0.000378,1.000000,-31.703106,28.860626,40.914978,-59.792221,30.250750,1.597044,-2.230883,28.199282,2.820188,-3.752577,27.472427,79.965607,-61.036747,29.520052,79.277168,-59.784435,30.247290,1.617735,-2.293654,28.206413,2.867462,-3.716381,27.467949,79.974945,-61.059689,29.531034,79.116997,2.633238,19.738111,10.616222,-18.321484,28.550730,54.561394,-32.990730,35.948746,74.543694,-32.164650,35.710785,8.760345,4.474272,23.622429,43.174820,0.197346,19.537640,75.361427,-47.756432,71.399956,40.751717,-45.199837,73.925995,8.153174,-40.446426,52.550781,31.344959,-44.471596,73.986038,72.871895
831,6.924000,-0.000347,0.000344,-0.000366,1.000000,-31.703314,28.861099,40.913925,-59.792221,30.251179,1.595843,-2.230841,28.201134,2.819306,-3.752995,27.472946,79.964699,-61.037209,29.519146,79.275948,-59.784763,30.247351,1.616534,-2.292598,28.208887,2.866841,-3.717663,27.468126,79.973587,-61.058434,29.531071,79.117325,2.635849,19.734459,10.621854,-18.323400,28.555935,54.560478,-33.010059,35.938686,74.551384,-32.162865,35.718300,8.758448,4.473573,23.622210,43.176414,0.196924,19.537191,75.360092,-47.785400,71.388824,40.745907,-45.215088,73.927620,8.154465,-40.459167,52.549965,31.342157,-44.477428,73.982986,72.868073
832,6.933000,-0.000364,0.000337,-0.000376,1.000000,-31.704197,28.862062,40.914082,-59.792591,30.251364,1.595607,-2.231264,28.200212,2.819851,-3.754380,27.474680,79.965248,-61.038544,29.521999,79.275719,-59.784817,30.247828,1.615919,-2.294905,28.207565,2.868244,-3.718819,27.470142,79.974419,-61.058987,29.532995,79.117874,2.637561,19.735107,10.624998,-18.324312,28.560755,54.557682,-33.030453,35.928062,74.555054,-32.158424,35.724728,8.755925,4.473295,23.620340,43.179382,0.207001,19.546350,75.360519,-47.809914,71.373451,40.741520,-45.234570,73.929245,8.153021,-40.469952,52.557392,31.343416,-44.480000,73.981247,72.865921
833,6.941000,-0.000353,0.000330,-0.000383,1.000000,-31.704044,28.861881,40.913712,-59.791874,30.252441,1.594874,-2.230594,28.200430,2.819872,-3.754797,27.473248,79.965233,-61.038925,29.521412,79.274963,-59.783733,30.248795,1.615120,-2.294960,28.208023,2.868716,-3.719329,27.468628,79.974007,-61.060101,29.532656,79.118874,2.636697,19.732138,10.623344,-18.323729,28.563265,54.554577,-33.048637,35.927048,74.548630,-32.153694,35.729126,8.752630,4.473231,23.619696,43.178825,0.215246,19.553181,75.364273,-47.827805,71.376228,40.738716,-45.254799,73.929520,8.150251,-40.476181,52.559738,31.339554,-44.481659,73.980095,72.863075
834,6.950000,-0.000337,0.000349,-0.000364,1.000000,-31.703312,28.860283,40.913857,-59.792637,30.251101,1.596099,-2.231237,28.201195,2.818912,-3.752571,27.471395,79.964302,-61.036800,29.517445,79.276207,-59.784340,30.246819,1.617536,-2.293786,28.209805,2.866278,-3.717854,27.466223,79.972382,-61.060070,29.530785,79.116455,2.635561,19.734114,10.622188,-18.325211,28.562820,54.555553,-33.066494,35.931477,74.538628,-32.149677,35.734161,8.752213,4.473419,23.619251,43.177330,0.223819,19.559422,75.366745,-47.834351,71.372002,40.733047,-45.275249,73.928665,8.141932,-40.486423,52.564495,31.338320,-44.493237,73.975349,72.861061
835,6.958000,-0.000345,0.000343,-0.000358,1.000000,-31.703222,28.861385,40.911842,-59.792114,30.251202,1.593742,-2.230704,28.202005,2.817249,-3.752911,27.473494,79.962631,-61.037159,29.518848,79.273842,-59.782822,30.247417,1.615802,-2.293506,28.209707,2.863400,-3.719518,27.468941,79.970009,-61.060406,29.530594,79.116951,2.637115,19.733288,10.621764,-18.325968,28.568291,54.553741,-33.088955,35.937370,74.531082,-32.145378,35.742752,8.750867,4.472063,23.620916,43.176697,0.228798,19.562963,75.371033,-47.838142,71.372749,40.731312,-45.312508,73.918266,8.134077,-40.492393,52.561821,31.332371,-44.502792,73.967865,72.859795
836,6.966000,-0.000358,0.000339,-0.000365,1.000000,-31.703407,28.861546,40.911713,-59.791992,30.250763,1.593372,-2.230623,28.200785,2.817345,-3.753403,27.474249,79.962746,-61.037613,29.520395,79.273483,-59.782974,30.246681,1.614852,-2.293919,28.209066,2.863981,-3.719725,27.469353,79.970627,-61.059570,29.532888,79.117516,2.635429,19.730040,10.623292,-18.327900,28.571753,54.551304,-33.109898,35.938625,74.523109,-32.141476,35.750328,8.748372,4.473534,23.618908,43.176941,0.241326,19.572309,75.375488,-47.833961,71.376350,40.728481,-45.334621,73.913536,8.121857,-40.500923,52.565308,31.331226,-44.508205,73.964943,72.861099
837,6.974000,-0.000362,0.000330,-0.000375,1.000000,-31.704184,28.861258,40.912613,-59.792042,30.250708,1.593757,-2.230728,28.199610,2.818781,-3.754911,27.473730,79.964157,-61.039066,29.520992,79.273857,-59.784000,30.247450,1.614729,-2.292795,28.206343,2.865617,-3.720621,27.469584,79.972725,-61.059551,29.531141,79.117279,2.634672,19.730640,10.622425,-18.330870,28.583130,54.548775,-33.139130,35.936291,74.519661,-32.137253,35.755276,8.745590,4.472863,23.621992,43.177380,0.253501,19.582258,75.377586,-47.828121,71.388206,40.725422,-45.348976,73.917892,8.115611,-40.507240,52.569794,31.326828,-44.521584,73.958015,72.861443
838,6.983000,-0.000362,0.000340,-0.000365,1.000000,-31.704039,28.860888,40.914379,-59.792637,30.249739,1.596037,-2.231267,28.199764,2.820006,-3.754017,27.473953,79.965416,-61.038227,29.520100,79.276154,-59.784084,30.246439,1.617775,-2.294168,28.206608,2.867462,-3.720258,27.469841,79.973206,-61.059780,29.530504,79.116463,2.633188,19.727676,10.622140,-18.335987,28.587940,54.541790,-33.172958,35.932854,74.517136,-32.130196,35.763557,8.743421,4.472035,23.623909,43.176331,0.259657,19.587292,75.381638,-47.813828,71.391396,40.719898,-45.360825,73.921097,8.109118,-40.511963,52.577080,31.321526,-44.526131,73.953453,72.863228
839,6.991000,-0.000350,0.000337,-0.000363,1.000000,-31.703577,28.861799,40.914383,-59.792000,30.251513,1.595947,-2.230626,28.201809,2.820134,-3.753731,27.474010,79.965508,-61.037945,29.519875,79.276039,-59.783810,30.248323,1.616746,-2.294036,28.208464,2.867230,-3.718140,27.469868,79.974731,-61.060204,29.529963,79.116997,2.632745,19.726110,10.622609,-18.338699,28.593843,54.537743,-33.202827,35.929031,74.514519,-32.121788,35.774841,8.737753,4.470994,23.624222,43.176266,0.269687,19.599527,75.384003,-47.799484,71.406799,40.718758,-45.372143,73.924515,8.101179,-40.515820,52.583820,31.317192,-44.535809,73.950363,72.863235
840,7.000000,-0.000356,0.000332,-0.000356,1.000000,-31.706024,28.863312,40.913719,-59.794022,30.252186,1.594952,-2.232638,28.203224,2.819809,-3.756595,27.476353,79.965172,-61.040833,29.521482,79.275040,-59.786045,30.249098,1.616176,-2.295272,28.209696,2.868234,-3.723059,27.472431,79.973083,-61.059780,29.531170,79.116516,2.630922,19.722404,10.622015,-18.342674,28.592524,54.538143,-33.237747,35.931934,74.504150,-32.092495,35.794880,8.732652,4.469792,23.623743,43.174568,0.278714,19.613567,75.386574,-47.759056,71.429489,40.721188,-45.382450,73.932304,8.093826,-40.523651,52.591888,31.311550,-44.545631,73.948685,72.867767
841,7.008000,-0.000356,0.000329,-0.000357,1.000000,-31.706142,28.862286,40.914772,-59.793938,30.251118,1.595855,-2.232561,28.202147,2.821013,-3.756917,27.475372,79.966377,-61.041153,29.520512,79.275932,-59.786587,30.247856,1.616428,-2.295128,28.208950,2.869319,-3.722050,27.471134,79.975456,-61.059834,29.530748,79.116623,2.630858,19.717710,10.622196,-18.354179,28.604429,54.526009,-33.268349,35.934090,74.489441,-32.066422,35.815823,8.724739,4.464631,23.630665,43.174828,0.276034,19.617800,75.390877,-47.723225,71.449295,40.718479,-45.383152,73.942223,8.088216,-40.529072,52.598633,31.304615,-44.564613,73.943100,72.872841
842,7.016000,-0.000364,0.000342,-0.000372,1.000000,-31.705320,28.863064,40.914303,-59.794079,30.252138,1.596081,-2.232728,28.201410,2.819806,-3.755143,27.475906,79.965225,-61.039333,29.522806,79.276207,-59.786407,30.249157,1.617427,-2.293657,28.207571,2.865676,-3.720693,27.472019,79.974236,-61.059929,29.532326,79.116043,2.627381,19.716280,10.622530,-18.355782,28.610987,54.518032,-33.311333,35.931255,74.483429,-32.050285,35.838459,8.717923,4.461812,23.632795,43.179001,0.278955,19.629129,75.393715,-47.681980,71.472107,40.705063,-45.386326,73.951843,8.082518,-40.532192,52.607517,31.300713,-44.577801,73.942093,72.876671
843,7.025000,-0.000360,0.000335,-0.000348,1.000000,-31.704691,28.862122,40.913300,-59.792965,30.250225,1.594695,-2.231532,28.202236,2.819207,-3.754994,27.475933,79.964592,-61.039268,29.520100,79.274796,-59.785114,30.246857,1.616050,-2.292461,28.209072,2.864462,-3.720428,27.471647,79.973740,-61.060566,29.530720,79.115372,2.622997,19.710897,10.622929,-18.358948,28.611963,54.513336,-33.348568,35.927727,74.484802,-32.041729,35.853764,8.713959,4.456911,23.634136,43.182335,0.283025,19.643595,75.395363,-47.632488,71.494637,40.696651,-45.393013,73.959717,8.074226,-40.536812,52.614380,31.293110,-44.591072,73.943123,72.881920
844,7.033000,-0.000361,0.000340,-0.000365,1.000000,-31.705841,28.861696,40.913383,-59.794479,30.250607,1.595071,-2.233106,28.200670,2.818987,-3.755787,27.474701,79.964394,-61.039997,29.520809,79.275192,-59.786583,30.247131,1.616081,-2.295022,28.207785,2.865818,-3.721087,27.470303,79.973106,-61.061192,29.531687,79.117050,2.622264,19.706741,10.623730,-18.362444,28.612215,54.510708,-33.378120,35.931293,74.485855,-32.036438,35.863480,8.710667,4.452044,23.637306,43.185379,0.277564,19.647150,75.394524,-47.576256,71.510612,40.687191,-45.393703,73.966599,8.065936,-40.535065,52.635056,31.279537,-44.608860,73.935760,72.890022
845,7.041000,-0.000374,0.000337,-0.000372,1.000000,-31.705189,28.862015,40.913658,-59.793533,30.250326,1.595113,-2.232194,28.199642,2.819481,-3.755424,27.475616,79.964890,-61.039604,29.522482,79.275238,-59.785004,30.246275,1.616469,-2.295415,28.207897,2.867346,-3.721639,27.470726,79.972687,-61.060650,29.534939,79.117607,2.618111,19.706131,10.623211,-18.365877,28.616003,54.509087,-33.410175,35.927532,74.487343,-32.030861,35.874454,8.709307,4.447936,23.637337,43.187809,0.273271,19.652067,75.398994,-47.511436,71.536537,40.690083,-45.392525,73.978119,8.058955,-40.533562,52.658302,31.269894,-44.624111,73.934380,72.901596
846,7.049000,-0.000362,0.000342,-0.000362,1.000000,-31.704872,28.862700,40.912594,-59.793694,30.251417,1.594403,-2.232298,28.201839,2.818066,-3.754637,27.475899,79.963478,-61.038864,29.521650,79.274529,-59.785843,30.247652,1.615169,-2.294918,28.209568,2.866699,-3.720052,27.471220,79.971512,-61.059742,29.533291,79.117813,2.617098,19.703222,10.624300,-18.371210,28.616693,54.507645,-33.440849,35.923222,74.494141,-32.026733,35.886105,8.707744,4.444333,23.639900,43.190693,0.264083,19.653322,75.397926,-47.454376,71.566528,40.692486,-45.392490,73.986992,8.053827,-40.531750,52.672638,31.264236,-44.640129,73.933746,72.909401
847,7.058000,-0.000352,0.000346,-0.000359,1.000000,-31.704689,28.861069,40.912285,-59.793793,30.250401,1.594317,-2.232382,28.201086,2.817535,-3.754166,27.473658,79.962944,-61.038410,29.519140,79.274437,-59.785633,30.246349,1.615662,-2.293631,28.209209,2.864296,-3.720535,27.468761,79.970703,-61.059483,29.531569,79.118690,2.613673,19.700632,10.624301,-18.374071,28.622892,54.504459,-33.474606,35.918762,74.495163,-32.021706,35.902302,8.704552,4.440602,23.640017,43.191372,0.251155,19.651104,75.398140,-47.391544,71.596138,40.693935,-45.390480,74.001953,8.049783,-40.530910,52.686668,31.259642,-44.655666,73.934570,72.920456
848,7.066000,-0.000347,0.000337,-0.000382,1.000000,-31.704935,28.860367,40.911545,-59.793262,30.251390,1.593080,-2.231967,28.199429,2.817321,-3.755188,27.471273,79.962692,-61.039330,29.519379,79.273178,-59.785534,30.247766,1.613261,-2.294840,28.206924,2.866157,-3.720196,27.466688,79.971046,-61.059654,29.530499,79.119019,2.614391,19.698187,10.625607,-18.373791,28.625429,54.505341,-33.499847,35.924797,74.493965,-32.018459,35.913033,8.704401,4.440713,23.639761,43.192879,0.245959,19.654196,75.395538,-47.314560,71.630325,40.698944,-45.391109,74.011246,8.045021,-40.526840,52.701408,31.255821,-44.678204,73.930565,72.930367
849,7.075000,-0.000343,0.000327,-0.000374,1.000000,-31.706110,28.861151,40.912575,-59.793682,30.252033,1.593566,-2.232373,28.200985,2.818933,-3.757119,27.472198,79.964272,-61.041271,29.519394,79.273628,-59.786640,30.248213,1.613414,-2.294534,28.208796,2.866956,-3.721698,27.467289,79.973877,-61.059212,29.531054,79.118027,2.612755,19.700207,10.626454,-18.375250,28.628107,54.503517,-33.522198,35.931038,74.493858,-32.016869,35.923214,8.703301,4.441914,23.640207,43.191856,0.235953,19.654343,75.392792,-47.241978,71.667046,40.699978,-45.384701,74.023476,8.043077,-40.514759,52.718689,31.251188,-44.703815,73.926926,72.943993
850,7.083000,-0.000350,0.000335,-0.000356,1.000000,-31.706181,28.860962,40.914944,-59.794460,30.250254,1.596388,-2.233064,28.201345,2.820820,-3.756478,27.473593,79.966187,-61.040722,29.518667,79.276482,-59.786564,30.246294,1.617502,-2.294073,28.209232,2.865519,-3.722021,27.468685,79.975731,-61.061077,29.530870,79.118561,2.608280,19.702984,10.625468,-18.374668,28.633928,54.504787,-33.540215,35.936871,74.493401,-32.018223,35.932320,8.705448,4.444001,23.639824,43.188881,0.220649,19.646191,75.390175,-47.182472,71.698288,40.712227,-45.381580,74.036377,8.045995,-40.504257,52.740318,31.249947,-44.732048,73.919815,72.969307
851,7.091000,-0.000356,0.000343,-0.000367,1.000000,-31.706364,28.861946,40.914238,-59.795235,30.251385,1.596117,-2.233866,28.201199,2.819648,-3.756064,27.474426,79.965057,-61.040276,29.520777,79.276237,-59.787823,30.247974,1.616255,-2.295993,28.208214,2.865960,-3.719664,27.469912,79.975334,-61.060894,29.531467,79.118355,2.609210,19.701206,10.625935,-18.371817,28.636730,54.505432,-33.549973,35.946465,74.489929,-32.019806,35.943291,8.707542,4.444978,23.640865,43.186169,0.213633,19.644487,75.387833,-47.129642,71.720940,40.721123,-45.376995,74.047195,8.048849,-40.485935,52.755142,31.247416,-44.756023,73.919189,72.983261
852,7.099000,-0.000356,0.000348,-0.000368,1.000000,-31.705750,28.862453,40.914532,-59.794998,30.251923,1.596674,-2.233613,28.201679,2.819663,-3.755090,27.474903,79.965088,-61.039299,29.521311,79.276802,-59.787678,30.249315,1.616799,-2.295843,28.207264,2.867094,-3.718764,27.471256,79.974770,-61.060238,29.529705,79.119316,2.610542,19.699112,10.627705,-18.370939,28.640192,54.506397,-33.555183,35.953159,74.489983,-32.021641,35.952522,8.707667,4.446133,23.637985,43.185623,0.198862,19.632500,75.383720,-47.060085,71.750259,40.738316,-45.373917,74.059654,8.053240,-40.451767,52.780510,31.249035,-44.773911,73.920914,72.993271
853,7.108000,-0.000359,0.000338,-0.000345,1.000000,-31.704653,28.862265,40.914921,-59.793221,30.250210,1.596522,-2.231774,28.202576,2.820614,-3.754661,27.476236,79.966011,-61.038960,29.520050,79.276634,-59.784424,30.247864,1.617512,-2.295481,28.207684,2.865491,-3.720052,27.473015,79.975960,-61.059357,29.527546,79.119392,2.610604,19.699911,10.626860,-18.369564,28.643385,54.509209,-33.551159,35.960518,74.493858,-32.024258,35.958958,8.709871,4.446878,23.635977,43.185482,0.200089,19.637239,75.382103,-46.993435,71.756325,40.741325,-45.371479,74.071693,8.056397,-40.432083,52.799885,31.247923,-44.791954,73.924217,73.010269
854,7.116000,-0.000355,0.000337,-0.000346,1.000000,-31.706184,28.863701,40.914940,-59.794628,30.252071,1.596469,-2.233186,28.204319,2.820721,-3.756320,27.477247,79.966103,-61.040604,29.521173,79.276573,-59.787327,30.249113,1.616070,-2.295200,28.210503,2.866018,-3.719254,27.473101,79.977554,-61.059444,29.530436,79.120590,2.611127,19.702015,10.625909,-18.368818,28.643440,54.511826,-33.541405,35.960094,74.497643,-32.026630,35.974709,8.716405,4.445043,23.635765,43.184189,0.188241,19.629246,75.383400,-46.957062,71.767586,40.746796,-45.365543,74.083450,8.064965,-40.418575,52.818024,31.248098,-44.811775,73.925339,73.019722
855,7.125000,-0.000356,0.000325,-0.000356,1.000000,-31.705124,28.861124,40.913643,-59.792603,30.249983,1.594505,-2.231231,28.201029,2.820125,-3.756213,27.474182,79.965469,-61.040436,29.519304,79.274574,-59.784325,30.246702,1.614452,-2.295467,28.207905,2.866767,-3.720358,27.469879,79.975578,-61.060715,29.529402,79.119881,2.614273,19.703835,10.625843,-18.367989,28.641533,54.514099,-33.523960,35.959743,74.502029,-32.032845,35.984619,8.719986,4.441936,23.636225,43.184898,0.176953,19.622417,75.379494,-46.925697,71.781334,40.754990,-45.350029,74.100739,8.075578,-40.403618,52.827789,31.247770,-44.822903,73.928703,73.032196
856,7.133000,-0.000354,0.000334,-0.000361,1.000000,-31.705103,28.861406,40.914379,-59.793289,30.250681,1.595756,-2.231908,28.201202,2.820325,-3.755495,27.474052,79.965698,-61.039722,29.519697,79.275848,-59.785301,30.247482,1.615764,-2.295815,28.207912,2.867072,-3.718858,27.469772,79.976067,-61.060951,29.529732,79.118431,2.620156,19.706114,10.625422,-18.369955,28.642294,54.514332,-33.505135,35.968918,74.507317,-32.037289,35.990749,8.719265,4.443340,23.633091,43.186413,0.174655,19.623459,75.380287,-46.907532,71.786674,40.760067,-45.343109,74.109497,8.082676,-40.395210,52.838886,31.252729,-44.837044,73.935715,73.038719
857,7.141000,-0.000351,0.000342,-0.000341,1.000000,-31.703705,28.861996,40.914051,-59.792549,30.250359,1.595861,-2.231071,28.203165,2.819535,-3.753448,27.475552,79.964928,-61.037754,29.518917,79.275963,-59.784935,30.246281,1.616079,-2.293622,28.211403,2.866638,-3.716781,27.470366,79.974609,-61.060463,29.531591,79.117897,2.623267,19.708784,10.623528,-18.369905,28.640947,54.514843,-33.478577,35.973202,74.514946,-32.041267,35.995831,8.721620,4.442050,23.633307,43.188484,0.169448,19.619965,75.379265,-46.892212,71.790955,40.768719,-45.339977,74.119118,8.089868,-40.386436,52.843929,31.259701,-44.859131,73.945129,73.051048
858,7.150000,-0.000341,0.000339,-0.000350,1.000000,-31.703510,28.862835,40.914043,-59.792103,30.252501,1.595721,-2.230674,28.204206,2.819687,-3.753501,27.475092,79.965057,-61.037773,29.519543,79.275803,-59.784962,30.248869,1.615392,-2.293254,28.211674,2.868214,-3.716193,27.470303,79.974609,-61.060108,29.530891,79.119148,2.628329,19.714542,10.623477,-18.371033,28.637215,54.514458,-33.443859,35.976959,74.524780,-32.049690,36.002224,8.726012,4.439681,23.634710,43.188698,0.166298,19.617552,75.379433,-46.883209,71.797165,40.777363,-45.335464,74.124603,8.095782,-40.378906,52.847267,31.265959,-44.882839,73.943924,73.065636
859,7.158000,-0.000357,0.000343,-0.000374,1.000000,-31.703499,28.861406,40.914917,-59.792374,30.251133,1.596802,-2.231029,28.200201,2.820316,-3.753206,27.473602,79.965721,-61.037392,29.520697,79.276917,-59.783859,30.248075,1.617399,-2.295927,28.206707,2.868258,-3.717669,27.469604,79.974892,-61.059189,29.530338,79.118668,2.636904,19.719460,10.622957,-18.371340,28.634777,54.514599,-33.401802,35.981419,74.521812,-32.057987,36.008991,8.729906,4.439102,23.634197,43.190048,0.169983,19.619236,75.376961,-46.881676,71.801758,40.786888,-45.331059,74.133537,8.106002,-40.376305,52.850849,31.273123,-44.906296,73.943855,73.075546
860,7.166000,-0.000340,0.000343,-0.000365,1.000000,-31.704824,28.861919,40.915485,-59.793663,30.252483,1.597381,-2.232289,28.202545,2.820909,-3.754562,27.473286,79.966286,-61.038780,29.519371,79.277466,-59.786560,30.248890,1.617520,-2.294295,28.209913,2.868874,-3.718431,27.468607,79.975723,-61.059368,29.530600,79.119553,2.643496,19.724346,10.623011,-18.373066,28.631779,54.516991,-33.361225,35.998131,74.523064,-32.064678,36.014553,8.734396,4.438859,23.634098,43.190975,0.171864,19.618147,75.377472,-46.885040,71.802811,40.796818,-45.326332,74.138840,8.115359,-40.374783,52.850880,31.283468,-44.919956,73.946884,73.084145
861,7.174000,-0.000327,0.000330,-0.000365,1.000000,-31.704695,28.861532,40.915409,-59.792553,30.253107,1.596636,-2.231207,28.203117,2.821553,-3.755409,27.471891,79.966873,-61.039608,29.518017,79.276680,-59.785088,30.249353,1.616594,-2.294063,28.210793,2.868352,-3.718742,27.466991,79.977310,-61.060070,29.529676,79.118607,2.651091,19.735661,10.620236,-18.374252,28.627697,54.518242,-33.305611,36.016994,74.509346,-32.069721,36.016102,8.737093,4.438422,23.634172,43.190323,0.175185,19.617506,75.379608,-46.900177,71.800842,40.806728,-45.320847,74.143425,8.123235,-40.373085,52.849327,31.293968,-44.936447,73.949936,73.098885
862,7.183000,-0.000342,0.000324,-0.000355,1.000000,-31.704113,28.863234,40.913849,-59.791546,30.253109,1.594710,-2.230173,28.204309,2.820352,-3.755254,27.475283,79.965675,-61.039482,29.520237,79.274765,-59.783779,30.249268,1.614964,-2.293437,28.212177,2.868034,-3.719346,27.470394,79.975143,-61.060566,29.532124,79.117203,2.658464,19.743614,10.619148,-18.374165,28.621117,54.521389,-33.248600,36.030037,74.510536,-32.082066,36.035927,8.749647,4.439054,23.636427,43.188992,0.183852,19.620613,75.379181,-46.919411,71.796532,40.818874,-45.311935,74.149689,8.133204,-40.375729,52.844955,31.305456,-44.958599,73.949188,73.109848
863,7.191000,-0.000341,0.000336,-0.000358,1.000000,-31.703127,28.861469,40.913521,-59.791477,30.251554,1.595041,-2.230084,28.202375,2.819333,-3.753358,27.473312,79.964691,-61.037594,29.518641,79.275116,-59.783882,30.248161,1.615248,-2.293322,28.209444,2.868207,-3.717026,27.468889,79.973595,-61.059994,29.529333,79.117332,2.684062,19.767794,10.619370,-18.378057,28.621696,54.522324,-33.188725,36.048515,74.510300,-32.102551,36.031551,8.759992,4.439220,23.639366,43.186241,0.184631,19.615458,75.378578,-46.936256,71.794197,40.832191,-45.306931,74.152390,8.143068,-40.380459,52.845097,31.320381,-44.974854,73.950157,73.119698
864,7.200000,-0.000356,0.000333,-0.000374,1.000000,-31.703011,28.861258,40.914776,-59.791058,30.251080,1.596072,-2.229738,28.200111,2.820796,-3.753543,27.473358,79.966171,-61.037708,29.520489,79.276169,-59.782730,30.247387,1.616437,-2.294766,28.207815,2.870024,-3.717630,27.468691,79.974854,-61.060345,29.531967,79.118530,2.691406,19.781586,10.619356,-18.381729,28.620914,54.526157,-33.129612,36.061157,74.513428,-32.119156,36.030060,8.770675,4.439377,23.644184,43.183685,0.189236,19.613735,75.376801,-46.965714,71.803734,40.844341,-45.299564,74.154625,8.154588,-40.385918,52.838791,31.333351,-44.992634,73.950752,73.132011
865,7.208000,-0.000351,0.000341,-0.000356,1.000000,-31.703114,28.860405,40.915581,-59.791862,30.249632,1.597360,-2.230451,28.200758,2.821106,-3.752944,27.473101,79.966499,-61.037193,29.518139,79.277458,-59.783112,30.245430,1.618218,-2.295283,28.209356,2.868467,-3.717603,27.467955,79.975555,-61.059837,29.531115,79.118729,2.695068,19.793026,10.616315,-18.384344,28.615496,54.532242,-33.088581,36.057907,74.527023,-32.128860,36.026802,8.776740,4.438881,23.647938,43.183281,0.197937,19.616070,75.378838,-46.989326,71.800255,40.854225,-45.293491,74.158997,8.170756,-40.387177,52.838707,31.343634,-44.994873,73.958206,73.139565
866,7.216000,-0.000336,0.000349,-0.000386,1.000000,-31.703180,28.861519,40.915115,-59.792458,30.253618,1.597375,-2.231154,28.201231,2.820155,-3.752482,27.471361,79.965546,-61.036621,29.519876,79.277481,-59.784645,30.249882,1.618091,-2.293758,28.208843,2.867095,-3.716636,27.466610,79.974922,-61.058884,29.531597,79.117851,2.690222,19.825748,10.595758,-18.385731,28.610472,54.534870,-33.048393,36.051292,74.554749,-32.138409,36.022598,8.785233,4.436975,23.652033,43.183689,0.200384,19.612522,75.383492,-47.015469,71.795914,40.864273,-45.281757,74.159050,8.180773,-40.385777,52.831631,31.350908,-45.009922,73.958878,73.153389
867,7.224000,-0.000331,0.000349,-0.000376,1.000000,-31.702148,28.859875,40.916004,-59.791458,30.251783,1.598281,-2.230111,28.200478,2.821037,-3.751424,27.469904,79.966423,-61.035603,29.517344,79.278374,-59.782936,30.247740,1.619326,-2.294495,28.208754,2.869053,-3.715779,27.464918,79.975090,-61.059467,29.530006,79.117905,2.690116,19.841881,10.592034,-18.380964,28.594599,54.545994,-33.006031,36.052933,74.578629,-32.171829,36.015396,8.795424,4.433531,23.655098,43.183495,0.203729,19.609966,75.384018,-47.042038,71.788971,40.877609,-45.275135,74.165390,8.195793,-40.391586,52.831627,31.366665,-45.021305,73.959953,73.164818
868,7.233000,-0.000330,0.000349,-0.000372,1.000000,-31.701242,28.859079,40.915691,-59.790550,30.250868,1.597953,-2.229175,28.200064,2.820739,-3.750530,27.469227,79.966125,-61.034729,29.516163,79.278053,-59.782513,30.245962,1.617789,-2.294335,28.209995,2.869881,-3.712785,27.463140,79.975632,-61.059410,29.531284,79.119240,2.686888,19.856354,10.589927,-18.380840,28.583231,54.560310,-32.945206,36.065491,74.585114,-32.197060,36.008286,8.809042,4.427858,23.663820,43.186741,0.212132,19.609730,75.381493,-47.104401,71.767853,40.896862,-45.264900,74.165161,8.211699,-40.410126,52.811260,31.402916,-45.023788,73.964401,73.180237
869,7.241000,-0.000330,0.000352,-0.000384,1.000000,-31.702768,28.860727,40.914555,-59.792282,30.253124,1.596984,-2.230960,28.200987,2.819419,-3.751841,27.470270,79.964813,-61.035995,29.518536,79.277092,-59.784370,30.248886,1.617326,-2.295124,28.209665,2.868733,-3.716108,27.465021,79.973480,-61.057747,29.531601,79.119041,2.684383,19.870949,10.588208,-18.383255,28.577301,54.572689,-32.900352,36.091103,74.584145,-32.212872,36.001671,8.822151,4.424462,23.666052,43.188389,0.218957,19.606867,75.381187,-47.141403,71.754585,40.916191,-45.255684,74.164421,8.231044,-40.417385,52.808201,31.427971,-45.038242,73.977890,73.194191
870,7.250000,-0.000329,0.000362,-0.000382,1.000000,-31.701384,28.859108,40.915825,-59.791710,30.251482,1.598838,-2.230346,28.199539,2.820086,-3.749654,27.468672,79.965508,-61.033829,29.516748,79.278969,-59.782684,30.246799,1.619908,-2.295194,28.208939,2.865489,-3.713755,27.462992,79.975578,-61.057663,29.531244,79.117905,2.681261,19.884413,10.587741,-18.385462,28.576729,54.579552,-32.846878,36.127251,74.582581,-32.236557,35.989223,8.836622,4.422071,23.677879,43.183327,0.218492,19.593912,75.380508,-47.172981,71.738312,40.942513,-45.245800,74.162361,8.253351,-40.414829,52.809006,31.442991,-45.048641,73.983871,73.211632
871,7.258000,-0.000326,0.000353,-0.000385,1.000000,-31.702250,28.859270,40.914268,-59.791851,30.252117,1.596782,-2.230528,28.199799,2.819058,-3.751239,27.468365,79.964447,-61.035381,29.516804,79.276886,-59.783340,30.248028,1.616788,-2.296108,28.208183,2.865573,-3.713961,27.463120,79.975441,-61.057545,29.529449,79.117516,2.678322,19.893997,10.592231,-18.383902,28.577181,54.587524,-32.817043,36.143242,74.590195,-32.260666,35.979382,8.847208,4.423776,23.684607,43.182281,0.221510,19.584761,75.376381,-47.195301,71.732071,40.963211,-45.237740,74.163795,8.270343,-40.412338,52.812164,31.457052,-45.052658,73.986511,73.222359
872,7.266000,-0.000322,0.000353,-0.000378,1.000000,-31.702837,28.859974,40.914448,-59.792458,30.252754,1.596972,-2.231106,28.201216,2.819237,-3.751808,27.469135,79.964622,-61.035984,29.516796,79.277061,-59.784447,30.248283,1.617119,-2.295445,28.210281,2.867187,-3.715009,27.463549,79.974335,-61.058842,29.530603,79.118164,2.675593,19.899765,10.595953,-18.383493,28.574022,54.596622,-32.796703,36.154793,74.601326,-32.282196,35.972641,8.859888,4.425217,23.690405,43.181221,0.220214,19.571955,75.376259,-47.215607,71.728394,40.977333,-45.240025,74.161819,8.288163,-40.410973,52.813347,31.471613,-45.065342,73.972115,73.247086
873,7.275000,-0.000306,0.000356,-0.000392,1.000000,-31.701809,28.859224,40.915031,-59.791588,30.254013,1.597747,-2.230299,28.200787,2.819645,-3.750616,27.466393,79.965012,-61.034740,29.515713,79.277824,-59.783710,30.248695,1.617731,-2.295719,28.211546,2.870020,-3.713230,27.459917,79.974014,-61.059082,29.532108,79.117577,2.650859,19.938492,10.590146,-18.383678,28.577539,54.607727,-32.777386,36.162785,74.616135,-32.300110,35.967083,8.875793,4.428250,23.695343,43.184273,0.220555,19.561148,75.373810,-47.235485,71.720818,40.991680,-45.233727,74.160591,8.310378,-40.413651,52.813107,31.486603,-45.070267,73.972282,73.264786
874,7.283000,-0.000310,0.000346,-0.000432,1.000000,-31.702801,28.859159,40.913921,-59.791702,30.255867,1.596069,-2.230587,28.198093,2.819121,-3.752488,27.464417,79.964470,-61.036430,29.518267,79.276131,-59.784061,30.251286,1.615063,-2.296319,28.207424,2.868316,-3.712939,27.458435,79.975449,-61.059845,29.532375,79.117195,2.644383,19.959717,10.584775,-18.383774,28.576077,54.620014,-32.764580,36.165684,74.631058,-32.313145,35.957127,8.887848,4.425518,23.705091,43.185131,0.225278,19.559824,75.375923,-47.254116,71.713684,41.006428,-45.224632,74.160751,8.324810,-40.415852,52.813236,31.502237,-45.072639,73.975113,73.276276
875,7.291000,-0.000323,0.000348,-0.000397,1.000000,-31.703123,28.858671,40.914452,-59.792274,30.252377,1.596671,-2.231017,28.198641,2.819553,-3.752563,27.466911,79.964920,-61.036648,29.516760,79.276749,-59.783703,30.248276,1.616565,-2.297864,28.207165,2.867951,-3.715101,27.461668,79.975334,-61.059433,29.529470,79.116989,2.638632,19.975393,10.581586,-18.385254,28.570887,54.631031,-32.754478,36.167889,74.645523,-32.326351,35.951809,8.902242,4.423445,23.707272,43.187214,0.228754,19.559626,75.377579,-47.275150,71.713959,41.022091,-45.220760,74.158867,8.342169,-40.412758,52.800732,31.524584,-45.075260,73.975769,73.285767
876,7.299000,-0.000360,0.000280,-0.000371,1.000000,-31.707651,28.860077,40.905476,-59.791557,30.249449,1.583800,-2.230355,28.198820,2.814612,-3.762293,27.472628,79.959824,-61.046398,29.519421,79.263756,-59.786270,30.245422,1.598821,-2.296516,28.207108,2.867974,-3.715619,27.466169,79.974983,-61.058926,29.530701,79.117882,2.634802,19.987791,10.581663,-18.383976,28.570595,54.641907,-32.746624,36.173264,74.657150,-32.338829,35.944538,8.917525,4.420739,23.711737,43.187775,0.217993,19.545645,75.377045,-47.282825,71.712532,41.045876,-45.216145,74.160278,8.362319,-40.416370,52.799553,31.543579,-45.071960,73.976959,73.296860
877,7.308000,-0.000340,0.000330,-0.000340,1.000000,-31.702831,28.862038,40.912914,-59.790737,30.251205,1.594085,-2.229282,28.204145,2.819091,-3.753507,27.474794,79.964432,-61.037804,29.518015,79.274139,-59.782803,30.247486,1.613177,-2.294706,28.211842,2.866872,-3.713972,27.469740,79.975883,-61.060947,29.529575,79.116440,2.630166,20.003357,10.585299,-18.383194,28.570345,54.651157,-32.739403,36.176510,74.684242,-32.356216,35.932724,8.929646,4.418165,23.716156,43.190639,0.220898,19.542158,75.380737,-47.321354,71.697464,41.059074,-45.212341,74.160088,8.383337,-40.421043,52.795963,31.558767,-45.071339,73.977081,73.311096
878,7.316000,-0.000345,0.000348,-0.000358,1.000000,-31.703251,28.861090,40.914532,-59.792496,30.250895,1.596686,-2.231079,28.201687,2.819672,-3.752589,27.473211,79.965080,-61.036842,29.518574,79.276802,-59.784214,30.247541,1.617052,-2.295302,28.208681,2.866655,-3.715950,27.468821,79.974976,-61.059910,29.529158,79.118088,2.627450,20.019564,10.586372,-18.375174,28.579590,54.654606,-32.737919,36.168060,74.712166,-32.378700,35.932976,8.949316,4.413993,23.719131,43.193756,0.227169,19.540163,75.379417,-47.364403,71.678627,41.074760,-45.208893,74.161537,8.406782,-40.424648,52.792854,31.570084,-45.066158,73.980591,73.319153
879,7.325000,-0.000342,0.000360,-0.000364,1.000000,-31.703419,28.860443,40.914948,-59.793652,30.250856,1.597822,-2.232221,28.200964,2.819333,-3.751781,27.471960,79.964767,-61.036026,29.518005,79.277962,-59.785873,30.247051,1.617693,-2.296714,28.208817,2.867318,-3.714224,27.466986,79.975113,-61.058434,29.529911,79.118332,2.621972,20.040585,10.588359,-18.376024,28.585360,54.659588,-32.745056,36.163364,74.739059,-32.397041,35.921448,8.965011,4.408890,23.720718,43.196194,0.223041,19.526062,75.379555,-47.400795,71.664795,41.093868,-45.205940,74.161018,8.428971,-40.429573,52.790874,31.587875,-45.058212,73.983475,73.327248
880,7.333000,-0.000338,0.000358,-0.000349,1.000000,-31.704077,28.859573,40.916405,-59.794140,30.249479,1.599139,-2.232656,28.201294,2.820942,-3.752607,27.471594,79.966370,-61.036907,29.515934,79.279266,-59.785919,30.245378,1.619585,-2.297510,28.209703,2.868546,-3.716295,27.466431,79.976311,-61.058765,29.528692,79.118652,2.619519,20.054943,10.589173,-18.374195,28.584459,54.668076,-32.755108,36.159859,74.759888,-32.416931,35.883606,9.000464,4.406668,23.723204,43.197880,0.226821,19.522263,75.383102,-47.429173,71.655312,41.106312,-45.205696,74.155754,8.448131,-40.435993,52.786739,31.601194,-45.049541,73.983887,73.335114
881,7.341000,-0.000333,0.000347,-0.000374,1.000000,-31.703590,28.861057,40.915920,-59.792755,30.252684,1.598081,-2.231404,28.201658,2.821070,-3.753009,27.471369,79.966454,-61.037193,29.518530,79.278175,-59.784519,30.248678,1.618159,-2.296971,28.209949,2.870040,-3.716304,27.466301,79.975960,-61.059772,29.530933,79.119423,2.620023,20.068468,10.593936,-18.375067,28.586107,54.676922,-32.762600,36.159496,74.775131,-32.434185,35.857700,9.021140,4.402989,23.728308,43.200798,0.227362,19.515682,75.387100,-47.459061,71.643829,41.116821,-45.207260,74.157784,8.479735,-40.440697,52.781044,31.615349,-45.039158,73.982613,73.343048
882,7.349000,-0.000334,0.000349,-0.000355,1.000000,-31.703264,28.860750,40.915237,-59.792664,30.251234,1.597521,-2.231225,28.202421,2.820253,-3.752449,27.472198,79.965637,-61.036716,29.517159,79.277626,-59.784595,30.246895,1.617345,-2.297266,28.211372,2.869658,-3.715044,27.466702,79.975548,-61.059303,29.530590,79.117813,2.621573,20.077202,10.598283,-18.376204,28.591814,54.685421,-32.770325,36.160542,74.789612,-32.448967,35.844318,9.032574,4.398392,23.732929,43.202789,0.232978,19.515144,75.387825,-47.489716,71.634354,41.127193,-45.202366,74.155891,8.501467,-40.447273,52.776764,31.627529,-45.026669,73.988411,73.347633
883,7.358000,-0.000327,0.000347,-0.000381,1.000000,-31.703928,28.859789,40.915642,-59.793102,30.252239,1.597834,-2.231774,28.200439,2.820766,-3.753346,27.469276,79.966141,-61.037498,29.517206,79.277924,-59.784298,30.248238,1.617795,-2.298795,28.208736,2.867496,-3.715942,27.464113,79.977585,-61.058968,29.529581,79.117310,2.620537,20.089657,10.602625,-18.374435,28.581047,54.711418,-32.782207,36.153397,74.808640,-32.472046,35.822269,9.040716,4.395726,23.737841,43.205513,0.234454,19.509216,75.390121,-47.527729,71.619865,41.135731,-45.204311,74.151840,8.521626,-40.481274,52.753883,31.644953,-45.015972,73.988731,73.356033
884,7.366000,-0.000348,0.000350,-0.000378,1.000000,-31.704584,28.859535,40.915535,-59.793949,30.250240,1.597804,-2.232605,28.198799,2.820542,-3.753802,27.470758,79.965958,-61.037983,29.518349,79.277931,-59.785072,30.246548,1.617995,-2.300164,28.206625,2.869500,-3.717830,27.466068,79.975769,-61.058765,29.529751,79.118881,2.622808,20.103893,10.606285,-18.375826,28.580153,54.725792,-32.793530,36.144764,74.825684,-32.505882,35.801956,9.060885,4.393890,23.742794,43.206810,0.237933,19.504684,75.392159,-47.594406,71.600960,41.152832,-45.206322,74.149330,8.534603,-40.493500,52.741486,31.663057,-45.009621,73.987625,73.360100
885,7.375000,-0.000333,0.000347,-0.000389,1.000000,-31.704134,28.859095,40.915413,-59.793282,30.251545,1.597589,-2.231985,28.198797,2.820549,-3.753576,27.468582,79.965935,-61.037697,29.517460,79.277679,-59.784901,30.247477,1.617123,-2.300297,28.207441,2.872308,-3.716637,27.463425,79.975243,-61.059059,29.529957,79.119415,2.629363,20.123056,10.608812,-18.376348,28.582037,54.733772,-32.803944,36.147846,74.835564,-32.530537,35.791218,9.064376,4.393018,23.748741,43.208580,0.244605,19.502201,75.395058,-47.665398,71.561775,41.178249,-45.209484,74.143005,8.549309,-40.505550,52.731316,31.674746,-45.001869,73.985619,73.363564
886,7.383000,-0.000373,0.000273,-0.000377,1.000000,-31.707691,28.859339,40.907570,-59.790993,30.248016,1.585442,-2.229840,28.196743,2.817166,-3.762934,27.472576,79.962372,-61.047005,29.520025,79.265411,-59.784992,30.243420,1.600465,-2.299591,28.206556,2.872608,-3.717813,27.465576,79.976509,-61.060364,29.532957,79.119530,2.634462,20.140512,10.610854,-18.377625,28.582630,54.739277,-32.812897,36.149498,74.837784,-32.539108,35.784538,9.071927,4.391545,23.753756,43.209812,0.253403,19.502718,75.397751,-47.724609,71.537361,41.182865,-45.211838,74.133392,8.558475,-40.516914,52.708263,31.699636,-44.999989,73.979637,73.366516
887,7.391000,-0.000332,0.000325,-0.000385,1.000000,-31.705544,28.860435,40.913486,-59.792973,30.252728,1.594424,-2.231714,28.200451,2.819917,-3.756690,27.470079,79.965233,-61.040802,29.518488,79.274460,-59.784019,30.248877,1.613848,-2.300227,28.208605,2.868399,-3.718848,27.465031,79.976295,-61.062252,29.530254,79.117134,2.634011,20.157278,10.609680,-18.377171,28.578779,54.744999,-32.822922,36.148926,74.841286,-32.537441,35.770149,9.088309,4.389002,23.762344,43.210018,0.261734,19.503571,75.399612,-47.768501,71.520935,41.183640,-45.216335,74.128853,8.575117,-40.528019,52.696819,31.713736,-45.003216,73.973450,73.364868
888,7.400000,-0.000339,0.000351,-0.000363,1.000000,-31.704361,28.859413,40.915386,-59.793819,30.250000,1.597720,-2.232414,28.200262,2.820349,-3.753483,27.470753,79.965744,-61.037720,29.516640,79.277840,-59.783829,30.245680,1.619534,-2.299298,28.209232,2.869179,-3.719338,27.465652,79.973015,-61.062061,29.530018,79.118607,2.640173,20.174868,10.608327,-18.377605,28.579151,54.750191,-32.830544,36.141914,74.852417,-32.544373,35.756569,9.100155,4.389197,23.765554,43.210732,0.269510,19.501654,75.400192,-47.823448,71.502213,41.175549,-45.221184,74.118439,8.585681,-40.536060,52.685356,31.721994,-44.993542,73.972122,73.365005
889,7.408000,-0.000335,0.000340,-0.000369,1.000000,-31.704102,28.857922,40.915165,-59.792690,30.249140,1.596895,-2.231336,28.198662,2.820760,-3.754094,27.468639,79.966125,-61.038292,29.515257,79.276978,-59.782948,30.245443,1.617792,-2.300277,28.206572,2.870358,-3.719582,27.464109,79.974823,-61.059021,29.526632,79.117653,2.640200,20.186220,10.605892,-18.379381,28.575653,54.755749,-32.839840,36.133465,74.867332,-32.555122,35.742561,9.105507,4.389092,23.770945,43.212807,0.278015,19.500715,75.402039,-47.889889,71.475105,41.181965,-45.224819,74.114594,8.594443,-40.541004,52.682285,31.732342,-44.996162,73.964394,73.368858
890,7.416000,-0.000337,0.000346,-0.000377,1.000000,-31.704449,28.859386,40.915794,-59.793533,30.250868,1.597890,-2.232191,28.199482,2.821004,-3.753954,27.469837,79.966393,-61.038124,29.517361,79.277992,-59.784401,30.247133,1.618726,-2.299278,28.207382,2.870754,-3.719466,27.465248,79.974709,-61.058830,29.528872,79.119484,2.653004,20.214361,10.628841,-18.379906,28.575638,54.761784,-32.848919,36.120216,74.880585,-32.567387,35.728474,9.111868,4.389819,23.776562,43.215893,0.289674,19.501511,75.406731,-47.951302,71.452484,41.197258,-45.234211,74.100952,8.600356,-40.550377,52.676155,31.737417,-44.998962,73.952896,73.367355
891,7.424000,-0.000336,0.000340,-0.000357,1.000000,-31.704348,28.859579,40.916519,-59.793018,30.250040,1.598287,-2.231613,28.200933,2.822080,-3.754255,27.471048,79.967445,-61.038502,29.516304,79.278366,-59.783997,30.246063,1.618594,-2.299378,28.209316,2.872047,-3.718852,27.466137,79.976341,-61.059605,29.528465,79.120544,2.656811,20.224535,10.635400,-18.381208,28.574800,54.766975,-32.852764,36.115246,74.885490,-32.578072,35.717739,9.117901,4.388833,23.782972,43.216724,0.306693,19.507151,75.410278,-48.003063,71.425552,41.195972,-45.240788,74.092216,8.609747,-40.558460,52.666451,31.741247,-44.997231,73.949463,73.368683
892,7.433000,-0.000336,0.000337,-0.000369,1.000000,-31.705326,28.859282,40.915852,-59.793674,30.250471,1.597413,-2.232334,28.199968,2.821624,-3.755555,27.470026,79.966972,-61.039742,29.516670,79.277489,-59.784264,30.246826,1.618168,-2.299930,28.207705,2.870894,-3.721661,27.465561,79.975487,-61.058937,29.527750,79.120689,2.659916,20.235743,10.634490,-18.381660,28.573811,54.771225,-32.855423,36.111954,74.884941,-32.587585,35.706261,9.123687,4.389315,23.789328,43.215649,0.320489,19.505676,75.418938,-48.042862,71.400162,41.192532,-45.249397,74.081947,8.619436,-40.571014,52.653313,31.748236,-45.000751,73.935829,73.372086
893,7.441000,-0.000341,0.000341,-0.000378,1.000000,-31.705050,28.859922,40.914867,-59.793709,30.251173,1.596653,-2.232391,28.199745,2.820394,-3.754964,27.470606,79.965767,-61.039127,29.518175,79.276749,-59.784462,30.247576,1.617523,-2.298463,28.207291,2.868417,-3.720952,27.466179,79.974350,-61.059265,29.529137,79.120674,2.659323,20.242565,10.634450,-18.382874,28.574934,54.774887,-32.854836,36.108429,74.886978,-32.593655,35.695408,9.128521,4.390573,23.797026,43.214886,0.335265,19.505781,75.420364,-48.082821,71.381439,41.187126,-45.261292,74.067863,8.624975,-40.581398,52.644669,31.756071,-45.007687,73.924957,73.376236
894,7.450000,-0.000325,0.000345,-0.000348,1.000000,-31.704792,28.859446,40.915298,-59.793877,30.250259,1.597372,-2.232423,28.202168,2.820557,-3.754294,27.470566,79.965919,-61.038578,29.514799,79.277443,-59.784454,30.245993,1.618695,-2.299128,28.211075,2.870889,-3.720832,27.465523,79.972992,-61.059422,29.527792,79.120277,2.658270,20.248369,10.635476,-18.383078,28.572098,54.780994,-32.853584,36.101265,74.893196,-32.601856,35.682823,9.132340,4.392921,23.804016,43.215988,0.354204,19.508385,75.426407,-48.125320,71.356400,41.197758,-45.274708,74.053558,8.632510,-40.599720,52.631561,31.764835,-45.016609,73.910065,73.382431
895,7.458000,-0.000331,0.000327,-0.000393,1.000000,-31.704897,28.859932,40.914162,-59.792400,30.252800,1.595175,-2.231175,28.199518,2.820516,-3.755972,27.469006,79.965836,-61.040043,29.518410,79.275215,-59.783859,30.249422,1.614928,-2.298416,28.206793,2.871692,-3.720521,27.464676,79.974434,-61.059906,29.528749,79.120300,2.659357,20.253981,10.636113,-18.383110,28.570641,54.782803,-32.855988,36.096031,74.896019,-32.611416,35.670872,9.139034,4.393335,23.812250,43.218021,0.360739,19.503757,75.428955,-48.157909,71.329155,41.212986,-45.280621,74.042496,8.640287,-40.616215,52.616650,31.774765,-45.031330,73.896828,73.391304
896,7.466000,-0.000315,0.000327,-0.000353,1.000000,-31.704851,28.859488,40.915237,-59.792473,30.251371,1.596302,-2.231082,28.202673,2.821568,-3.755811,27.469540,79.966858,-61.040043,29.514370,79.276314,-59.782990,30.247152,1.617300,-2.298584,28.211552,2.871850,-3.722278,27.464529,79.974403,-61.059929,29.527122,79.120193,2.657630,20.261959,10.637646,-18.385521,28.570345,54.785919,-32.856522,36.084534,74.900093,-32.630451,35.666454,9.149168,4.392121,23.823971,43.221878,0.372015,19.505936,75.430969,-48.177063,71.306908,41.226246,-45.289345,74.027214,8.645037,-40.634682,52.600117,31.783808,-45.033337,73.885773,73.398933
897,7.474000,-0.000317,0.000334,-0.000373,1.000000,-31.705343,28.858614,40.915527,-59.793507,30.251488,1.597014,-2.232176,28.200516,2.821410,-3.755760,27.467686,79.966728,-61.039936,29.514774,79.277054,-59.783817,30.246983,1.618246,-2.299892,28.209915,2.871304,-3.722764,27.462414,79.974350,-61.058842,29.528362,79.119583,2.657337,20.268185,10.638133,-18.384016,28.564322,54.789879,-32.857418,36.074238,74.907608,-32.646790,35.648281,9.156902,4.391975,23.834345,43.225555,0.375246,19.503038,75.435936,-48.178074,71.292374,41.235229,-45.301224,74.015015,8.653587,-40.654594,52.582760,31.790113,-45.044006,73.871872,73.408516
898,7.483000,-0.000325,0.000321,-0.000386,1.000000,-31.705423,28.858587,40.914818,-59.792538,30.251535,1.595560,-2.231297,28.199074,2.821469,-3.756887,27.467579,79.966766,-61.040981,29.516167,79.275581,-59.782730,30.247026,1.616384,-2.299327,28.208498,2.870826,-3.723939,27.462297,79.974777,-61.059143,29.529535,79.121284,2.659083,20.272068,10.640398,-18.385611,28.560057,54.792221,-32.860710,36.060146,74.913498,-32.665024,35.634892,9.165755,4.390874,23.843517,43.227619,0.380321,19.506432,75.435417,-48.175491,71.281883,41.241657,-45.323437,73.989571,8.660050,-40.675117,52.569485,31.796928,-45.057999,73.853668,73.418961
899,7.491000,-0.000319,0.000319,-0.000399,1.000000,-31.706377,28.860504,40.914501,-59.793236,30.254671,1.595101,-2.232054,28.200743,2.821308,-3.758094,27.468285,79.966583,-61.042137,29.518322,79.275101,-59.783997,30.251366,1.615528,-2.299607,28.207874,2.871757,-3.724863,27.464193,79.974541,-61.059422,29.528263,79.121284,2.659934,20.274498,10.643565,-18.386158,28.553816,54.795219,-32.864998,36.045597,74.916115,-32.679729,35.620514,9.170483,4.391188,23.848816,43.228424,0.379305,19.506828,75.434937,-48.168694,71.276665,41.246643,-45.339092,73.973785,8.661136,-40.691517,52.553654,31.799400,-45.070805,73.836342,73.428734
900,7.500000,-0.000329,0.000333,-0.000367,1.000000,-31.705833,28.859863,40.915489,-59.793888,30.251480,1.596859,-2.232543,28.201202,2.821472,-3.756353,27.470181,79.966805,-61.040543,29.516596,79.276917,-59.784760,30.246914,1.617909,-2.298410,28.210592,2.870585,-3.723069,27.464809,79.974579,-61.059837,29.530313,79.120949,2.661676,20.277016,10.641541,-18.384653,28.549471,54.796864,-32.865913,36.024994,74.918915,-32.696716,35.607265,9.173220,4.388829,23.859879,43.232189,0.380713,19.507908,75.433479,-48.153446,71.252304,41.252365,-45.357029,73.954453,8.662897,-40.709396,52.537739,31.803322,-45.084442,73.815277,73.438431
901,7.508000,-0.000329,0.000336,-0.000389,1.000000,-31.705603,28.859503,40.915730,-59.793819,30.252298,1.597250,-2.232554,28.199482,2.821559,-3.755975,27.468649,79.966904,-61.040073,29.517588,79.277313,-59.784912,30.248043,1.618387,-2.298345,28.208334,2.872402,-3.722892,27.463606,79.973862,-61.059074,29.530514,79.120346,2.665247,20.282616,10.641348,-18.386349,28.548544,54.798782,-32.871063,36.007851,74.920029,-32.709797,35.600948,9.174432,4.386509,23.866156,43.236488,0.375796,19.501709,75.432076,-48.138012,71.237312,41.262688,-45.368095,73.944626,8.673564,-40.749966,52.509384,31.805683,-45.096035,73.798744,73.446297
902,7.516000,-0.000322,0.000332,-0.000385,1.000000,-31.705301,28.860596,40.917049,-59.793209,30.253756,1.598364,-2.231938,28.201412,2.823108,-3.755972,27.469381,79.968430,-61.040092,29.517841,79.278412,-59.783577,30.249510,1.619227,-2.299979,28.210327,2.872337,-3.722486,27.464327,79.976837,-61.058838,29.530603,79.121819,2.668447,20.285849,10.641542,-18.386871,28.547939,54.798744,-32.886105,35.983002,74.933128,-32.729904,35.567589,9.195785,4.385954,23.866234,43.239849,0.368366,19.492620,75.428947,-48.119953,71.232124,41.270241,-45.377041,73.928864,8.680921,-40.770191,52.486946,31.807863,-45.108646,73.781715,73.453232
903,7.525000,-0.000327,0.000325,-0.000376,1.000000,-31.705738,28.859850,40.916580,-59.793186,30.252108,1.597536,-2.231893,28.200823,2.823007,-3.756866,27.469534,79.968315,-61.041008,29.516945,79.277565,-59.783047,30.247736,1.619013,-2.300033,28.209963,2.870775,-3.724964,27.464447,79.976807,-61.057186,29.529963,79.120461,2.674437,20.288563,10.644985,-18.387959,28.546137,54.796230,-32.891788,35.951866,74.946274,-32.749424,35.546799,9.207784,4.385565,23.864498,43.241531,0.366001,19.491587,75.428963,-48.094433,71.228912,41.283878,-45.395218,73.910316,8.684816,-40.793835,52.468525,31.808430,-45.127026,73.760513,73.460678
904,7.533000,-0.000317,0.000325,-0.000389,1.000000,-31.705709,28.859810,40.916019,-59.793102,30.253580,1.596993,-2.231869,28.200764,2.822447,-3.756893,27.467983,79.967735,-61.040981,29.516911,79.277000,-59.783787,30.249346,1.618269,-2.297995,28.209528,2.870632,-3.724180,27.462976,79.976006,-61.058624,29.529671,79.119621,2.678473,20.291712,10.643183,-18.389658,28.542635,54.798706,-32.893833,35.928448,74.953751,-32.763828,35.544842,9.200489,4.387249,23.858925,43.238159,0.359116,19.489290,75.427017,-48.069389,71.232460,41.290237,-45.414112,73.889999,8.686449,-40.817024,52.448708,31.808870,-45.134968,73.746330,73.464722
905,7.541000,-0.000318,0.000335,-0.000389,1.000000,-31.706232,28.859642,40.915298,-59.794365,30.253294,1.596794,-2.233106,28.200474,2.821171,-3.756675,27.467939,79.966499,-61.040783,29.516867,79.276833,-59.785282,30.248648,1.617673,-2.298961,28.209963,2.868754,-3.722989,27.462429,79.975441,-61.059589,29.530817,79.119911,2.679271,20.296082,10.641524,-18.389877,28.541166,54.799343,-32.898186,35.914677,74.957413,-32.773342,35.543556,9.194761,4.389823,23.853563,43.234283,0.357033,19.491331,75.425461,-48.056286,71.230118,41.293068,-45.442745,73.865181,8.683095,-40.837723,52.430111,31.810040,-45.149902,73.733749,73.469460
906,7.549000,-0.000325,0.000274,-0.000364,1.000000,-31.709862,28.858257,40.907684,-59.793335,30.249954,1.585782,-2.232122,28.200010,2.817112,-3.764936,27.468496,79.962257,-61.049057,29.514572,79.265678,-59.787571,30.245003,1.602216,-2.300028,28.210398,2.871011,-3.723508,27.461361,79.975822,-61.059071,29.528275,79.118904,2.683700,20.297178,10.640753,-18.389841,28.538010,54.796982,-32.900307,35.903675,74.960327,-32.778957,35.540558,9.193847,4.390621,23.849504,43.229416,0.345009,19.484743,75.422707,-48.048176,71.225868,41.298565,-45.461662,73.851570,8.683445,-40.859531,52.404625,31.824965,-45.158897,73.718491,73.476028
907,7.558000,-0.000334,0.000311,-0.000399,1.000000,-31.706514,28.857941,40.913815,-59.792740,30.250946,1.593924,-2.231577,28.197006,2.821121,-3.758860,27.466875,79.966393,-61.042889,29.516941,79.273926,-59.783424,30.246279,1.614453,-2.300134,28.206787,2.871676,-3.724823,27.461317,79.974899,-61.061108,29.530918,79.116760,2.687180,20.300722,10.641859,-18.389324,28.537802,54.798531,-32.904209,35.888737,74.960381,-32.805241,35.532730,9.194870,4.390096,23.845121,43.225609,0.339537,19.484114,75.422058,-48.043709,71.216209,41.307243,-45.481594,73.841721,8.689530,-40.880421,52.385567,31.831964,-45.200821,73.681137,73.507133
908,7.566000,-0.000326,0.000329,-0.000401,1.000000,-31.705788,28.858189,40.915623,-59.793472,30.251869,1.596797,-2.232271,28.197727,2.821821,-3.756681,27.466455,79.967140,-61.040730,29.516708,79.276833,-59.783215,30.247372,1.618564,-2.300834,28.207163,2.871232,-3.723715,27.461226,79.974640,-61.061073,29.530373,79.117790,2.688338,20.301073,10.641716,-18.391026,28.537548,54.798168,-32.906151,35.875134,74.966576,-32.812546,35.533348,9.197216,4.388732,23.840778,43.225613,0.333251,19.482845,75.419655,-48.044365,71.210068,41.315586,-45.491241,73.829155,8.692872,-40.893028,52.376919,31.831650,-45.213482,73.661797,73.516533
909,7.575000,-0.000348,0.000336,-0.000390,1.000000,-31.705263,28.857925,40.914856,-59.793491,30.249313,1.596335,-2.232233,28.196426,2.820688,-3.755614,27.468470,79.966064,-61.039715,29.517498,79.276428,-59.783691,30.245113,1.617859,-2.300910,28.205400,2.873673,-3.722844,27.463547,79.972076,-61.059326,29.530302,79.118332,2.689375,20.302425,10.640599,-18.391792,28.535948,54.798214,-32.908672,35.858620,74.971863,-32.819149,35.533894,9.196966,4.386246,23.834347,43.227680,0.324357,19.477797,75.420692,-48.048737,71.203667,41.323296,-45.503662,73.821548,8.699179,-40.910755,52.366875,31.832027,-45.220123,73.649605,73.522713
910,7.583000,-0.000338,0.000332,-0.000374,1.000000,-31.705307,28.859335,40.915524,-59.793304,30.250607,1.596835,-2.231988,28.199614,2.821556,-3.755894,27.469995,79.966904,-61.040054,29.517132,79.276901,-59.784245,30.246204,1.617621,-2.299942,28.208900,2.873985,-3.722293,27.464783,79.974068,-61.058964,29.530447,79.119263,2.688773,20.302044,10.640227,-18.403078,28.529724,54.804783,-32.911896,35.849018,74.970779,-32.829659,35.530483,9.197676,4.383201,23.829641,43.231834,0.325994,19.482254,75.420914,-48.056774,71.194946,41.326065,-45.530365,73.803619,8.696848,-40.923367,52.358089,31.834373,-45.225803,73.641350,73.525543
911,7.591000,-0.000348,0.000329,-0.000388,1.000000,-31.705830,28.858925,40.915745,-59.793549,30.250237,1.596859,-2.232298,28.197580,2.821967,-3.756687,27.469543,79.967323,-61.040783,29.518341,79.276932,-59.784191,30.246248,1.617552,-2.300238,28.205988,2.870233,-3.722712,27.464685,79.976860,-61.058598,29.530415,79.118385,2.689783,20.303267,10.639405,-18.391420,28.533152,54.797832,-32.912834,35.841820,74.974113,-32.835400,35.531368,9.199015,4.379055,23.826118,43.236069,0.318343,19.476568,75.421036,-48.076603,71.180519,41.331573,-45.545876,73.806938,8.709647,-40.937538,52.346313,31.834545,-45.232834,73.630539,73.525215
912,7.599000,-0.000355,0.000325,-0.000386,1.000000,-31.705290,28.860777,40.915844,-59.792686,30.251392,1.596704,-2.231434,28.199026,2.822322,-3.756466,27.472092,79.967674,-61.040573,29.520611,79.276779,-59.783161,30.247858,1.617757,-2.298694,28.206507,2.869307,-3.722448,27.467716,79.977310,-61.059658,29.531441,79.117554,2.689834,20.302282,10.640769,-18.401705,28.530689,54.803024,-32.914062,35.832241,74.976204,-32.838093,35.529919,9.197922,4.378871,23.820221,43.238716,0.316241,19.475958,75.417473,-48.096893,71.164604,41.335201,-45.551025,73.802368,8.715332,-40.962818,52.339466,31.834497,-45.239796,73.619461,73.526184
913,7.608000,-0.000341,0.000335,-0.000376,1.000000,-31.705332,28.860786,40.916630,-59.793545,30.251905,1.598093,-2.232230,28.200630,2.822497,-3.755698,27.471600,79.967857,-61.039852,29.519022,79.278168,-59.784126,30.248802,1.619248,-2.299144,28.207279,2.869233,-3.721103,27.467636,79.977669,-61.060207,29.528736,79.117355,2.689424,20.301641,10.641315,-18.392368,28.535389,54.798656,-32.919415,35.823421,74.976143,-32.841991,35.529430,9.199472,4.377749,23.819361,43.238598,0.319015,19.479826,75.416321,-48.129768,71.147888,41.337643,-45.557121,73.800926,8.721550,-40.977032,52.331638,31.834185,-45.244102,73.610878,73.523155
914,7.616000,-0.000368,0.000269,-0.000379,1.000000,-31.709894,28.859673,40.906719,-59.792912,30.248821,1.584405,-2.231777,28.197330,2.816516,-3.765416,27.472443,79.961708,-61.049473,29.520103,79.264359,-59.786617,30.245075,1.600166,-2.299342,28.205145,2.868367,-3.720797,27.466511,79.977188,-61.060219,29.530514,79.117630,2.685660,20.301277,10.640600,-18.401661,28.533995,54.805119,-32.917751,35.822834,74.974586,-32.845234,35.528809,9.198761,4.378999,23.822449,43.236446,0.314458,19.474836,75.417725,-48.158157,71.135963,41.337593,-45.565830,73.798233,8.726461,-40.986248,52.325951,31.835382,-45.251637,73.603699,73.521339
915,7.625000,-0.000335,0.000323,-0.000394,1.000000,-31.705622,28.858677,40.914059,-59.792866,30.251282,1.594883,-2.231655,28.197920,2.820608,-3.756949,27.468010,79.965927,-61.041008,29.517498,79.274925,-59.783649,30.246735,1.615141,-2.299189,28.207266,2.867151,-3.720570,27.462378,79.976906,-61.062248,29.531368,79.115051,2.682876,20.298294,10.641273,-18.390696,28.535212,54.800583,-32.922062,35.821041,74.971352,-32.848618,35.529850,9.198732,4.383736,23.824926,43.234516,0.312607,19.472155,75.416031,-48.188915,71.128326,41.336185,-45.573227,73.799095,8.734473,-40.996807,52.322174,31.838291,-45.263775,73.594154,73.518112
916,7.633000,-0.000343,0.000334,-0.000396,1.000000,-31.704611,28.858978,40.914650,-59.792656,30.251104,1.596025,-2.231428,28.197565,2.820602,-3.755143,27.468788,79.965958,-61.039223,29.518461,79.276100,-59.782017,30.246130,1.617334,-2.299915,28.207720,2.865023,-3.720492,27.462948,79.976364,-61.061741,29.533497,79.117065,2.680667,20.295443,10.641998,-18.402021,28.530560,54.805672,-32.925270,35.817940,74.970879,-32.847675,35.527508,9.198081,4.387083,23.828606,43.231178,0.312719,19.471775,75.418640,-48.224339,71.118996,41.325474,-45.578964,73.795456,8.752110,-41.023529,52.302647,31.843790,-45.268089,73.586311,73.513527
917,7.641000,-0.000324,0.000331,-0.000390,1.000000,-31.705284,28.860167,40.913982,-59.793144,30.253393,1.595265,-2.231893,28.200525,2.820072,-3.756001,27.468887,79.965393,-61.040104,29.517872,79.275307,-59.783596,30.248514,1.615843,-2.298431,28.210377,2.864568,-3.720772,27.462996,79.976440,-61.060463,29.532534,79.117584,2.677547,20.293104,10.642389,-18.405706,28.527281,54.806293,-32.929043,35.811962,74.972420,-32.845657,35.526474,9.198317,4.388962,23.833523,43.228859,0.317276,19.475891,75.417305,-48.259510,71.106827,41.322155,-45.580215,73.796364,8.762022,-41.030293,52.296959,31.850826,-45.268295,73.582924,73.509087
918,7.650000,-0.000321,0.000327,-0.000393,1.000000,-31.704548,28.860205,40.913914,-59.792095,30.253855,1.594988,-2.230874,28.200590,2.820220,-3.755575,27.468502,79.965523,-61.039650,29.517879,79.275009,-59.782928,30.249205,1.615514,-2.297584,28.210100,2.866648,-3.720974,27.462887,79.975868,-61.058277,29.531851,79.117104,2.672175,20.291973,10.642191,-18.404549,28.526169,54.807220,-32.933842,35.803448,74.975578,-32.841911,35.523285,9.197223,4.389169,23.839388,43.227318,0.318545,19.474306,75.418915,-48.335583,71.081482,41.324883,-45.584442,73.800346,8.769551,-41.032211,52.289749,31.848213,-45.274151,73.576653,73.500160
919,7.658000,-0.000325,0.000326,-0.000386,1.000000,-31.705231,28.858677,40.914528,-59.792664,30.251640,1.595497,-2.231413,28.199173,2.820942,-3.756377,27.467655,79.966248,-61.040474,29.516243,79.275528,-59.782974,30.247185,1.616040,-2.300080,28.208467,2.868507,-3.722060,27.462297,79.976242,-61.058945,29.529598,79.117828,2.668960,20.289539,10.640455,-18.405611,28.528236,54.806965,-32.938320,35.797722,74.979347,-32.835926,35.522362,9.196897,4.389750,23.842306,43.226845,0.329064,19.481968,75.417671,-48.399864,71.047035,41.331764,-45.588543,73.801132,8.772213,-41.033504,52.292358,31.849115,-45.281517,73.569351,73.494225
920,7.666000,-0.000340,0.000328,-0.000399,1.000000,-31.706285,28.859669,40.914761,-59.793846,30.252224,1.595807,-2.232647,28.198296,2.821070,-3.757301,27.469053,79.966400,-61.041355,29.519112,79.275871,-59.784515,30.248642,1.616460,-2.300841,28.205950,2.869797,-3.723209,27.464611,79.975853,-61.059250,29.530027,79.117073,2.665739,20.286917,10.640876,-18.404783,28.529634,54.806995,-32.947891,35.792908,74.978516,-32.828259,35.521233,9.194888,4.391215,23.843374,43.227654,0.334781,19.484131,75.419685,-48.449089,71.019257,41.340427,-45.592030,73.804512,8.776288,-41.032875,52.289726,31.848644,-45.288639,73.563660,73.485359
921,7.674000,-0.000322,0.000319,-0.000394,1.000000,-31.705606,28.860569,40.914696,-59.792519,30.254162,1.595318,-2.231318,28.200823,2.821481,-3.757262,27.468924,79.966759,-61.041321,29.518375,79.275322,-59.782928,30.249643,1.616213,-2.298774,28.210180,2.868909,-3.723299,27.463543,79.976097,-61.060661,29.532007,79.117607,2.661520,20.284849,10.640674,-18.394606,28.534973,54.799812,-32.957825,35.791271,74.975388,-32.815594,35.520008,9.197020,4.391021,23.844854,43.228374,0.342015,19.487671,75.419586,-48.492878,71.004028,41.339630,-45.594681,73.807098,8.778122,-41.028946,52.291298,31.847805,-45.292130,73.559120,73.479057
922,7.683000,-0.000326,0.000313,-0.000372,1.000000,-31.704866,28.859478,40.915070,-59.791340,30.251535,1.595321,-2.230063,28.200739,2.822235,-3.756961,27.469358,79.967499,-61.041103,29.516285,79.275322,-59.782059,30.247047,1.615795,-2.297978,28.210041,2.869830,-3.722044,27.463907,79.977676,-61.060154,29.529848,79.116272,2.660488,20.282263,10.639737,-18.391394,28.533373,54.795731,-32.971539,35.786636,74.970337,-32.804523,35.516815,9.197656,4.391029,23.844913,43.228664,0.348881,19.490744,75.426155,-48.534557,70.995529,41.332333,-45.597210,73.809830,8.776078,-41.020794,52.294521,31.849226,-45.296135,73.549263,73.473267
923,7.691000,-0.000315,0.000311,-0.000381,1.000000,-31.705070,28.859190,40.914429,-59.791409,30.252625,1.594633,-2.230173,28.200731,2.821657,-3.757295,27.467705,79.966911,-61.041405,29.515707,79.274605,-59.782471,30.247467,1.614995,-2.297437,28.211290,2.870107,-3.722719,27.461576,79.976547,-61.059875,29.531145,79.116615,2.658926,20.281366,10.639807,-18.390745,28.531801,54.796143,-32.983147,35.785393,74.965149,-32.773155,35.518394,9.205925,4.391215,23.844061,43.229031,0.359778,19.496315,75.425591,-48.587223,70.977173,41.322075,-45.598827,73.814140,8.771505,-40.999992,52.305870,31.840940,-45.302792,73.544159,73.468338
924,7.700000,-0.000309,0.000322,-0.000389,1.000000,-31.704906,28.857979,40.914310,-59.792053,30.252378,1.595125,-2.230820,28.199562,2.820912,-3.756332,27.465530,79.966179,-61.040421,29.514450,79.275116,-59.783237,30.247139,1.616490,-2.294902,28.210030,2.867642,-3.722953,27.459440,79.974838,-61.059837,29.530283,79.116615,2.654747,20.277023,10.642522,-18.404095,28.529909,54.801750,-33.000187,35.784283,74.960556,-32.750423,35.514870,9.205689,4.389718,23.843153,43.229027,0.367670,19.500246,75.428299,-48.632248,70.954170,41.314159,-45.601707,73.816116,8.768143,-40.987854,52.314453,31.832737,-45.307819,73.538910,73.461380
925,7.708000,-0.000338,0.000336,-0.000386,1.000000,-31.704992,28.857866,40.914455,-59.793209,30.249802,1.595950,-2.231938,28.197414,2.820292,-3.755355,27.467867,79.965652,-61.039471,29.516390,79.276024,-59.784065,30.245213,1.616786,-2.298440,28.206842,2.868376,-3.720697,27.462372,79.974678,-61.060345,29.530355,79.117355,2.654359,20.275785,10.642773,-18.389893,28.531105,54.796471,-33.020054,35.782993,74.953735,-32.737526,35.511200,9.204192,4.388314,23.842598,43.228489,0.369159,19.498760,75.432190,-48.661114,70.939674,41.309532,-45.603004,73.818954,8.764238,-40.978069,52.317352,31.831991,-45.312389,73.531410,73.458832
926,7.716000,-0.000342,0.000326,-0.000383,1.000000,-31.705528,28.858894,40.914951,-59.792995,30.250284,1.595894,-2.231732,28.198290,2.821368,-3.756636,27.469435,79.966698,-61.040760,29.517572,79.275948,-59.783714,30.245483,1.616907,-2.297990,28.208065,2.867721,-3.722700,27.463743,79.976456,-61.059666,29.532063,79.117043,2.652140,20.273468,10.643089,-18.390863,28.536192,54.793594,-33.038574,35.787266,74.939972,-32.727463,35.509762,9.204764,4.389256,23.839695,43.229408,0.377899,19.506199,75.435150,-48.675873,70.930717,41.304718,-45.603901,73.820595,8.759856,-40.967468,52.320564,31.831694,-45.320698,73.523193,73.454895
927,7.724000,-0.000344,0.000322,-0.000391,1.000000,-31.705791,28.858570,40.915245,-59.792946,30.250336,1.595974,-2.231726,28.197348,2.821881,-3.757212,27.468739,79.967201,-61.041283,29.517862,79.276024,-59.783436,30.245691,1.616965,-2.298078,28.206810,2.867552,-3.723376,27.463223,79.977135,-61.060204,29.531796,79.118370,2.649881,20.273827,10.642851,-18.391146,28.538204,54.792774,-33.064873,35.793968,74.922348,-32.700573,35.501266,9.192996,4.388621,23.836359,43.229664,0.377754,19.504625,75.436188,-48.684864,70.925934,41.300220,-45.610653,73.824738,8.756290,-40.942966,52.329262,31.835196,-45.326778,73.514648,73.454109
928,7.733000,-0.000342,0.000319,-0.000403,1.000000,-31.706726,28.860336,40.913643,-59.793579,30.252918,1.594186,-2.232420,28.198603,2.820474,-3.758440,27.469694,79.965782,-61.042469,29.520140,79.274216,-59.785027,30.248558,1.614115,-2.299452,28.207689,2.869789,-3.723957,27.464359,79.975357,-61.059254,29.533127,79.118416,2.647369,20.271866,10.643732,-18.391190,28.541779,54.792786,-33.097637,35.797970,74.905457,-32.673302,35.494904,9.185685,4.387688,23.833607,43.226360,0.377952,19.503290,75.437874,-48.681919,70.923859,41.295891,-45.615570,73.822090,8.746543,-40.925533,52.338825,31.833759,-45.332481,73.509499,73.452034
929,7.741000,-0.000324,0.000314,-0.000372,1.000000,-31.705683,28.861956,40.912010,-59.792263,30.254173,1.592338,-2.230975,28.203403,2.819094,-3.757677,27.471676,79.964363,-61.041821,29.518574,79.272339,-59.783215,30.250004,1.613012,-2.296892,28.212059,2.868207,-3.724584,27.466700,79.972336,-61.059673,29.530975,79.118790,2.644508,20.267632,10.643969,-18.392117,28.541201,54.793312,-33.135639,35.786442,74.899979,-32.655468,35.478851,9.178478,4.388369,23.831501,43.223808,0.381669,19.507986,75.438759,-48.665268,70.928017,41.291393,-45.620216,73.823563,8.742197,-40.910721,52.346386,31.831902,-45.334957,73.503647,73.453575
930,7.750000,-0.000326,0.000336,-0.000375,1.000000,-31.704140,28.858952,40.914364,-59.792423,30.251244,1.595917,-2.231100,28.200048,2.820164,-3.754437,27.468597,79.965500,-61.038601,29.515919,79.275970,-59.782936,30.246418,1.616690,-2.298793,28.210020,2.869227,-3.719951,27.462900,79.974098,-61.059654,29.530508,79.118301,2.640787,20.266254,10.643458,-18.390755,28.540588,54.793728,-33.186657,35.759888,74.911263,-32.642944,35.470394,9.175675,4.389243,23.829893,43.224468,0.382949,19.510950,75.438560,-48.637497,70.936317,41.285480,-45.625576,73.823128,8.734820,-40.894844,52.352249,31.828526,-45.336292,73.491898,73.456123
931,7.758000,-0.000328,0.000338,-0.000386,1.000000,-31.704885,28.859278,40.913929,-59.793270,30.252037,1.595572,-2.231991,28.199562,2.819628,-3.755078,27.468464,79.964973,-61.039196,29.517061,79.275635,-59.783863,30.247471,1.616532,-2.298274,28.208939,2.867427,-3.721066,27.463051,79.973557,-61.059868,29.530844,79.119232,2.636625,20.263426,10.642316,-18.390409,28.539953,54.793636,-33.238560,35.734360,74.941216,-32.636662,35.464172,9.175858,4.387968,23.829927,43.225857,0.384502,19.513290,75.437531,-48.593578,70.949471,41.284084,-45.631172,73.820671,8.726330,-40.882263,52.356453,31.826752,-45.341389,73.483078,73.459618
932,7.766000,-0.000345,0.000331,-0.000381,1.000000,-31.704830,28.857962,40.914352,-59.792732,30.249044,1.595584,-2.231440,28.197214,2.820450,-3.755507,27.468809,79.965805,-61.039646,29.516783,79.275658,-59.782253,30.244091,1.616858,-2.299477,28.207361,2.865496,-3.722316,27.463060,79.975594,-61.058926,29.531500,79.119377,2.632772,20.262251,10.642919,-18.401365,28.538803,54.800613,-33.283833,35.704872,74.971062,-32.634106,35.457996,9.174514,4.384939,23.831324,43.228893,0.379886,19.510061,75.435143,-48.530361,70.969528,41.285099,-45.636837,73.815193,8.717590,-40.871212,52.359039,31.829294,-45.343521,73.474434,73.461708
933,7.775000,-0.000338,0.000325,-0.000382,1.000000,-31.705124,28.858250,40.915272,-59.792507,30.249950,1.596162,-2.231249,28.197966,2.821741,-3.756311,27.468485,79.967072,-61.040424,29.516607,79.276215,-59.782730,30.245451,1.616382,-2.300329,28.207338,2.867957,-3.721256,27.462982,79.978287,-61.058609,29.530060,79.118500,2.626838,20.256863,10.643759,-18.389650,28.541553,54.792698,-33.329506,35.683174,74.992531,-32.624966,35.451015,9.173944,4.382986,23.831480,43.233059,0.377302,19.508638,75.435547,-48.468960,70.989494,41.275185,-45.643517,73.809631,8.697446,-40.858887,52.360512,31.826929,-45.344387,73.464188,73.469513
934,7.783000,-0.000336,0.000318,-0.000383,1.000000,-31.705465,28.858603,40.916542,-59.792351,30.250486,1.597080,-2.231106,28.198460,2.823389,-3.757155,27.468651,79.968689,-61.041260,29.516813,79.277107,-59.783340,30.245825,1.617594,-2.298918,28.208138,2.872421,-3.722767,27.463058,79.978203,-61.059254,29.530874,79.117798,2.625331,20.256241,10.645019,-18.389997,28.541973,54.791992,-33.359554,35.672424,74.989090,-32.620075,35.442741,9.170736,4.381187,23.833136,43.234196,0.367259,19.501127,75.433556,-48.417133,71.003464,41.270535,-45.649521,73.806671,8.684136,-40.849827,52.362896,31.824953,-45.340042,73.458153,73.473267
935,7.791000,-0.000337,0.000315,-0.000387,1.000000,-31.705475,28.858290,40.916813,-59.792065,30.250359,1.597148,-2.230844,28.197870,2.823871,-3.757453,27.468157,79.969162,-61.041534,29.516781,79.277168,-59.782810,30.246016,1.617593,-2.299939,28.207026,2.873368,-3.722766,27.462881,79.978844,-61.059814,29.529943,79.117111,2.621471,20.255234,10.644243,-18.390451,28.542847,54.791687,-33.389130,35.675388,74.970879,-32.616306,35.439171,9.167208,4.382089,23.833714,43.233288,0.363520,19.501183,75.430595,-48.358700,71.019035,41.265671,-45.652370,73.799812,8.672781,-40.840805,52.363907,31.820587,-45.321434,73.446915,73.467514
936,7.799000,-0.000340,0.000325,-0.000385,1.000000,-31.704828,28.859055,40.915199,-59.792244,30.250713,1.596111,-2.230987,28.198475,2.821651,-3.755987,27.469332,79.966972,-61.040092,29.517708,79.276161,-59.782555,30.246071,1.617339,-2.298515,28.208055,2.869114,-3.722322,27.463860,79.976120,-61.059452,29.531750,79.116859,2.618393,20.253191,10.645295,-18.402794,28.540970,54.796280,-33.428253,35.671967,74.958984,-32.611912,35.436214,9.164957,4.383247,23.836342,43.234165,0.354698,19.496700,75.429451,-48.279728,71.046356,41.265305,-45.653431,73.798065,8.665568,-40.830608,52.363426,31.816092,-45.318882,73.437431,73.472038
937,7.808000,-0.000356,0.000334,-0.000385,1.000000,-31.705490,28.858387,40.914040,-59.793579,30.248871,1.595384,-2.232295,28.196630,2.820003,-3.755981,27.469831,79.965378,-61.040104,29.518227,79.275475,-59.784359,30.244532,1.615824,-2.300048,28.205690,2.869227,-3.721266,27.464586,79.974396,-61.060047,29.531326,79.118271,2.615204,20.250793,10.648411,-18.392591,28.543118,54.791267,-33.473949,35.654469,74.953651,-32.607834,35.431774,9.163774,4.381572,23.842016,43.235374,0.347483,19.494204,75.429298,-48.211853,71.079689,41.261909,-45.653320,73.795052,8.656393,-40.818424,52.363174,31.807861,-45.322872,73.424492,73.478523
938,7.816000,-0.000352,0.000332,-0.000369,1.000000,-31.704929,28.858353,40.914314,-59.792961,30.248234,1.595598,-2.231616,28.197845,2.820358,-3.755483,27.470394,79.965721,-61.039673,29.516941,79.275681,-59.783566,30.243576,1.616348,-2.299286,28.207514,2.869488,-3.721294,27.464872,79.974388,-61.059547,29.530981,79.118134,2.613597,20.248428,10.649546,-18.405350,28.540075,54.798908,-33.507504,35.641880,74.957993,-32.603024,35.428310,9.159758,4.381238,23.842367,43.237400,0.336869,19.487841,75.427368,-48.158772,71.098984,41.264904,-45.647724,73.793671,8.642853,-40.813934,52.363457,31.806204,-45.321693,73.419022,73.486206
939,7.825000,-0.000343,0.000332,-0.000382,1.000000,-31.705093,28.859341,40.914616,-59.793068,30.250628,1.595908,-2.231783,28.198681,2.820656,-3.755703,27.469986,79.966011,-61.039829,29.518076,79.275986,-59.783691,30.245977,1.616704,-2.298820,28.208282,2.869491,-3.721574,27.464481,79.974472,-61.060184,29.532087,79.119286,2.611907,20.244568,10.648236,-18.409815,28.537703,54.803490,-33.538742,35.629402,74.959625,-32.599255,35.425167,9.159202,4.379652,23.841120,43.238518,0.342370,19.498434,75.424561,-48.100533,71.112457,41.264732,-45.647282,73.788162,8.628966,-40.799088,52.377670,31.785635,-45.320122,73.411713,73.489288
940,7.833000,-0.000346,0.000324,-0.000370,1.000000,-31.705215,28.860069,40.915207,-59.792561,30.250448,1.596019,-2.231246,28.199917,2.821753,-3.756446,27.471615,79.967079,-61.040615,29.518297,79.276070,-59.783298,30.245832,1.616750,-2.297659,28.209383,2.868876,-3.722098,27.466095,79.976509,-61.060452,29.532206,79.119019,2.608167,20.244465,10.648827,-18.408970,28.538422,54.802288,-33.568226,35.616131,74.971046,-32.596714,35.423508,9.157442,4.378126,23.841503,43.239754,0.330756,19.490900,75.424179,-48.029385,71.134064,41.263561,-45.645073,73.783424,8.617781,-40.790997,52.384232,31.774426,-45.316513,73.405647,73.496719
941,7.841000,-0.000329,0.000318,-0.000387,1.000000,-31.706390,28.858984,40.915508,-59.793262,30.251688,1.596069,-2.232033,28.199133,2.822342,-3.758085,27.468220,79.967628,-61.042179,29.516899,79.276085,-59.784252,30.247074,1.616668,-2.298324,28.208574,2.868855,-3.723797,27.462656,79.977837,-61.060184,29.530779,79.118050,2.607315,20.241508,10.649358,-18.408079,28.540764,54.800362,-33.587200,35.609673,74.971298,-32.593391,35.420624,9.154913,4.377803,23.840300,43.241844,0.334084,19.498009,75.421837,-47.979778,71.150902,41.259800,-45.644264,73.782166,8.611094,-40.784725,52.384804,31.771639,-45.313385,73.401230,73.497047
942,7.849000,-0.000326,0.000327,-0.000382,1.000000,-31.705301,28.858925,40.916058,-59.792889,30.251547,1.597127,-2.231616,28.199614,2.822366,-3.756288,27.468241,79.967674,-61.040413,29.516300,79.277161,-59.783981,30.247528,1.617358,-2.298004,28.207947,2.869008,-3.720437,27.463186,79.978249,-61.060745,29.528587,79.119125,2.606699,20.239094,10.649263,-18.410946,28.543285,54.798615,-33.598804,35.606720,74.965820,-32.591923,35.417408,9.154190,4.378205,23.838066,43.242355,0.330186,19.498127,75.422455,-47.935200,71.153488,41.263599,-45.640434,73.780457,8.606669,-40.780201,52.383488,31.770649,-45.302982,73.397804,73.500679
943,7.858000,-0.000324,0.000331,-0.000385,1.000000,-31.705042,28.858513,40.915485,-59.792942,30.251492,1.596785,-2.231672,28.199196,2.821550,-3.755724,27.467480,79.966881,-61.039841,29.515896,79.276833,-59.784187,30.246967,1.617266,-2.297911,28.208488,2.869570,-3.721027,27.462000,79.976448,-61.058826,29.529568,79.118660,2.604621,20.238714,10.649213,-18.409807,28.543550,54.798389,-33.605080,35.607334,74.959038,-32.589680,35.410767,9.152315,4.376885,23.838678,43.240364,0.323445,19.495123,75.422424,-47.901615,71.154526,41.269539,-45.635677,73.776680,8.603111,-40.778351,52.376354,31.766615,-45.290749,73.396400,73.503784
944,7.866000,-0.000333,0.000329,-0.000408,1.000000,-31.706747,28.858957,40.914223,-59.794392,30.252522,1.595357,-2.233216,28.197517,2.820441,-3.757685,27.467337,79.965782,-61.041702,29.518456,79.275414,-59.785873,30.248394,1.614885,-2.299966,28.206131,2.868361,-3.721920,27.462107,79.976425,-61.059444,29.530821,79.120377,2.601747,20.237362,10.648358,-18.399355,28.549829,54.788567,-33.607822,35.595379,74.966331,-32.591698,35.406052,9.152155,4.378252,23.838100,43.239098,0.324872,19.498199,75.421417,-47.878834,71.160355,41.273651,-45.630703,73.774628,8.601456,-40.776379,52.375175,31.766796,-45.280777,73.392776,73.502266
945,7.875000,-0.000324,0.000330,-0.000388,1.000000,-31.704876,28.859129,40.914028,-59.792637,30.252224,1.595241,-2.231392,28.199581,2.820188,-3.755683,27.467978,79.965508,-61.039795,29.516741,79.275284,-59.783596,30.247816,1.615395,-2.298730,28.208738,2.868911,-3.720658,27.462614,79.974922,-61.059505,29.529984,79.119308,2.599797,20.233400,10.650229,-18.411589,28.545683,54.794331,-33.604507,35.587677,74.968536,-32.594147,35.401134,9.150064,4.379873,23.835308,43.237087,0.325634,19.498629,75.421494,-47.853504,71.163147,41.272251,-45.626911,73.769524,8.593177,-40.770020,52.367538,31.763420,-45.269508,73.391960,73.502769
946,7.883000,-0.000351,0.000267,-0.000378,1.000000,-31.710621,28.859678,40.903290,-59.793465,30.250095,1.580894,-2.232331,28.198687,2.813196,-3.766319,27.471184,79.958359,-61.050381,29.518751,79.260811,-59.789040,30.246067,1.595489,-2.300605,28.207520,2.870810,-3.721283,27.464729,79.972496,-61.059856,29.529831,79.119568,2.597925,20.233507,10.651463,-18.414909,28.540506,54.799438,-33.598545,35.582539,74.964851,-32.597065,35.394241,9.148090,4.378888,23.836418,43.235119,0.322565,19.494528,75.424728,-47.843426,71.164391,41.270756,-45.622177,73.766174,8.593844,-40.767445,52.363914,31.765074,-45.270180,73.383316,73.498558
947,7.891000,-0.000332,0.000320,-0.000390,1.000000,-31.706608,28.859135,40.911831,-59.793617,30.251780,1.592484,-2.232397,28.198874,2.818561,-3.758168,27.468433,79.963860,-61.042248,29.517464,79.272507,-59.784382,30.247732,1.612708,-2.300767,28.207476,2.869747,-3.723477,27.463453,79.972084,-61.061306,29.529562,79.118340,2.597440,20.234140,10.651434,-18.414009,28.539225,54.800529,-33.586769,35.582832,74.957588,-32.599266,35.389824,9.147016,4.378960,23.834900,43.233753,0.324811,19.496490,75.425308,-47.843338,71.162941,41.269623,-45.617073,73.764587,8.596803,-40.766888,52.357819,31.764534,-45.258484,73.385933,73.495140
948,7.900000,-0.000334,0.000335,-0.000401,1.000000,-31.706985,28.860909,40.912354,-59.795105,30.253956,1.593816,-2.233893,28.199833,2.818230,-3.757444,27.469805,79.963585,-61.041496,29.520050,79.273888,-59.786499,30.250555,1.614485,-2.298880,28.206989,2.867153,-3.723920,27.465570,79.971825,-61.059540,29.530392,79.118538,2.595210,20.231962,10.650502,-18.415289,28.538239,54.799110,-33.575592,35.585991,74.951279,-32.602165,35.385723,9.145636,4.378166,23.833708,43.234142,0.334279,19.503492,75.427658,-47.854244,71.155663,41.271698,-45.612724,73.759521,8.600219,-40.764240,52.359177,31.767618,-45.237980,73.387375,73.495819
949,7.908000,-0.000333,0.000341,-0.000387,1.000000,-31.705564,28.860239,40.913467,-59.794212,30.252596,1.595286,-2.232933,28.200033,2.818978,-3.755498,27.469820,79.964348,-61.039627,29.518513,79.275368,-59.784973,30.248150,1.615827,-2.299949,28.209232,2.867428,-3.721045,27.464479,79.973343,-61.059559,29.531881,79.119049,2.593810,20.233059,10.650483,-18.415604,28.537846,54.797260,-33.557148,35.580833,74.949921,-32.605671,35.381847,9.145550,4.377607,23.832523,43.235554,0.338043,19.504686,75.426086,-47.874184,71.147697,41.273247,-45.605526,73.759277,8.602901,-40.757374,52.350349,31.764400,-45.224884,73.390114,73.493851
950,7.916000,-0.000351,0.000334,-0.000376,1.000000,-31.706318,28.861595,40.913666,-59.794449,30.251905,1.595041,-2.233136,28.200722,2.819610,-3.756764,27.473207,79.964981,-61.040924,29.520548,79.275131,-59.784855,30.248323,1.616307,-2.299435,28.208267,2.867672,-3.723959,27.468876,79.973015,-61.059498,29.531393,79.119446,2.593297,20.231556,10.651879,-18.415796,28.534103,54.795982,-33.528118,35.578377,74.945015,-32.608707,35.378365,9.146695,4.377218,23.831644,43.237850,0.345476,19.510231,75.427071,-47.895847,71.135643,41.276974,-45.600441,73.752197,8.606305,-40.760742,52.330715,31.784206,-45.213139,73.392258,73.491646
951,7.924000,-0.000337,0.000325,-0.000380,1.000000,-31.706106,28.861502,40.914639,-59.793484,30.253220,1.595530,-2.232215,28.201468,2.821118,-3.757301,27.471718,79.966438,-61.041428,29.519609,79.275574,-59.785294,30.249664,1.615435,-2.298031,28.208986,2.869928,-3.722223,27.467155,79.976204,-61.058872,29.530426,79.119446,2.593286,20.233294,10.651829,-18.417761,28.531807,54.794979,-33.502934,35.576664,74.938553,-32.611134,35.377998,9.147557,4.376800,23.832111,43.238503,0.352828,19.516474,75.429245,-47.924065,71.123627,41.279659,-45.594925,73.749794,8.613488,-40.759392,52.320278,31.796751,-45.195110,73.395393,73.489685
952,7.933000,-0.000343,0.000334,-0.000350,1.000000,-31.705889,28.860422,40.915707,-59.794079,30.249983,1.597095,-2.232662,28.201681,2.821651,-3.756279,27.472788,79.967010,-61.040543,29.517248,79.277168,-59.785316,30.246300,1.618443,-2.296530,28.209284,2.868949,-3.723278,27.468306,79.975243,-61.059032,29.528505,79.120102,2.595788,20.234003,10.650459,-18.418018,28.525278,54.795254,-33.468639,35.575115,74.934959,-32.614300,35.375557,9.150386,4.378963,23.831238,43.239376,0.355072,19.517206,75.430260,-47.947754,71.113235,41.284527,-45.594410,73.739670,8.616735,-40.750637,52.314522,31.805805,-45.174278,73.401855,73.486771
953,7.941000,-0.000336,0.000327,-0.000375,1.000000,-31.705141,28.859467,40.916656,-59.792721,30.250931,1.597682,-2.231422,28.199821,2.822998,-3.756133,27.469936,79.968323,-61.040287,29.517183,79.277733,-59.783798,30.247160,1.618389,-2.297410,28.207680,2.869921,-3.721893,27.465258,79.978188,-61.058498,29.528671,79.119453,2.597716,20.233101,10.649836,-18.419939,28.523535,54.796524,-33.418282,35.583675,74.932159,-32.616459,35.370827,9.149168,4.379993,23.833408,43.236950,0.358592,19.518372,75.433769,-47.981655,71.108414,41.284470,-45.591171,73.735771,8.623964,-40.749706,52.313919,31.810347,-45.156666,73.405205,73.482811
954,7.950000,-0.000334,0.000330,-0.000388,1.000000,-31.706127,28.860136,40.915550,-59.793926,30.252508,1.596758,-2.232674,28.199806,2.821699,-3.756911,27.469707,79.967033,-61.041008,29.518536,79.276810,-59.785080,30.248848,1.617153,-2.299515,28.207546,2.870066,-3.722562,27.465132,79.976646,-61.058651,29.529657,79.119293,2.598725,20.230066,10.653190,-18.422831,28.516251,54.796837,-33.371609,35.589634,74.927116,-32.622662,35.365570,9.151955,4.380854,23.836349,43.237080,0.363037,19.519243,75.433823,-48.033760,71.085243,41.274200,-45.586472,73.724792,8.631422,-40.746922,52.312511,31.817392,-45.139416,73.412338,73.480797
955,7.958000,-0.000347,0.000323,-0.000407,1.000000,-31.706682,28.859514,40.915409,-59.793884,30.251953,1.596195,-2.232728,28.197130,2.821976,-3.758052,27.469015,79.967308,-61.042068,29.519966,79.276253,-59.785725,30.248510,1.616407,-2.298743,28.204453,2.871234,-3.723368,27.464611,79.976906,-61.059029,29.530529,79.117691,2.599391,20.232986,10.652725,-18.422718,28.510746,54.796780,-33.334045,35.590557,74.923798,-32.631435,35.361572,9.155168,4.381823,23.835947,43.237072,0.363106,19.516037,75.435387,-48.088440,71.039490,41.278530,-45.576893,73.719002,8.642418,-40.739174,52.288582,31.818455,-45.130924,73.413986,73.481476
956,7.966000,-0.000345,0.000331,-0.000374,1.000000,-31.705397,28.858978,40.914463,-59.793259,30.249727,1.595664,-2.231946,28.198704,2.820608,-3.756109,27.470156,79.965958,-61.040272,29.517328,79.275734,-59.783493,30.245647,1.617421,-2.298272,28.207180,2.867824,-3.723355,27.465328,79.974213,-61.059456,29.529730,79.117340,2.602564,20.232363,10.652776,-18.424017,28.505798,54.796646,-33.299915,35.584480,74.921562,-32.641323,35.355461,9.155684,4.380838,23.836750,43.236214,0.362555,19.511797,75.436874,-48.133358,71.008202,41.286079,-45.568169,73.704185,8.661271,-40.739693,52.276619,31.823555,-45.113914,73.417015,73.479424
957,7.974000,-0.000337,0.000328,-0.000400,1.000000,-31.706869,28.860590,40.913197,-59.794472,30.253359,1.594284,-2.233273,28.199366,2.819467,-3.757837,27.469761,79.964806,-61.041893,29.519882,79.274338,-59.786289,30.249315,1.614985,-2.296704,28.207605,2.866247,-3.723616,27.464775,79.974136,-61.060478,29.532194,79.117340,2.605568,20.233561,10.653675,-18.428415,28.500223,54.797237,-33.256603,35.577820,74.924393,-32.653248,35.352634,9.157744,4.381634,23.839027,43.237289,0.366823,19.514225,75.435341,-48.166660,70.993172,41.291824,-45.558517,73.697441,8.678653,-40.743565,52.269543,31.830402,-45.103840,73.416389,73.476700
958,7.983000,-0.000333,0.000325,-0.000414,1.000000,-31.706486,28.859005,40.913456,-59.793800,30.252876,1.594371,-2.232662,28.197283,2.819908,-3.757742,27.467077,79.965233,-61.041737,29.518789,79.274414,-59.785343,30.248625,1.614828,-2.298352,28.206079,2.869257,-3.723221,27.461899,79.973969,-61.060875,29.531691,79.117119,2.611445,20.236073,10.654508,-18.428965,28.492901,54.798203,-33.205688,35.576050,74.944244,-32.669392,35.346012,9.158553,4.379346,23.847868,43.240311,0.359846,19.505810,75.437508,-48.197186,70.978592,41.294586,-45.550461,73.683258,8.687735,-40.747757,52.252232,31.833515,-45.094509,73.418762,73.476662
959,7.991000,-0.000323,0.000324,-0.000412,1.000000,-31.704819,28.858719,40.913574,-59.792103,30.253292,1.594487,-2.230957,28.197819,2.820045,-3.756115,27.466095,79.965347,-61.040108,29.517672,79.274513,-59.783276,30.248896,1.615324,-2.296849,28.206909,2.869643,-3.721850,27.460829,79.973404,-61.060631,29.531067,79.116844,2.614533,20.238750,10.653559,-18.430733,28.486649,54.798733,-33.138390,35.571720,74.955391,-32.684326,35.338245,9.159752,4.380736,23.845568,43.241436,0.355145,19.502838,75.434753,-48.218960,70.966988,41.297428,-45.546089,73.675339,8.698528,-40.753780,52.241962,31.835110,-45.084209,73.420799,73.473763
960,8.000000,-0.000322,0.000328,-0.000397,1.000000,-31.705538,28.860554,40.913589,-59.793121,30.254368,1.594692,-2.231911,28.200663,2.819860,-3.756529,27.468687,79.965172,-61.040592,29.518505,79.274727,-59.784786,30.250126,1.614551,-2.298525,28.209511,2.869896,-3.720971,27.463425,79.974403,-61.060040,29.531351,79.118195,2.619373,20.244272,10.650272,-18.433029,28.481546,54.800339,-33.062473,35.578491,74.966675,-32.703854,35.331173,9.162942,4.380753,23.843679,43.239204,0.351208,19.500780,75.433090,-48.244293,70.950348,41.298519,-45.539787,73.664024,8.709930,-40.761883,52.231033,31.837267,-45.069687,73.426994,73.469101
961,8.008000,-0.000322,0.000322,-0.000382,1.000000,-31.705368,28.860489,40.914612,-59.792519,30.253448,1.595378,-2.231261,28.201443,2.821243,-3.756794,27.469475,79.966530,-61.040901,29.517599,79.275391,-59.783916,30.249557,1.615951,-2.297232,28.209560,2.870166,-3.722604,27.464685,79.975525,-61.059093,29.529434,79.117516,2.627366,20.246880,10.648593,-18.434521,28.473785,54.801582,-33.016064,35.567093,74.968513,-32.750816,35.316578,9.164784,4.381537,23.844446,43.237030,0.348127,19.499205,75.431396,-48.277817,70.929932,41.299164,-45.534187,73.655472,8.714327,-40.769905,52.217854,31.836823,-45.056995,73.429947,73.466415
962,8.016000,-0.000326,0.000332,-0.000374,1.000000,-31.704685,28.859619,40.915958,-59.792667,30.251780,1.597294,-2.231354,28.200754,2.821988,-3.755277,27.469393,79.967316,-61.039440,29.516550,79.277344,-59.784126,30.246994,1.618226,-2.295809,28.210405,2.868956,-3.721209,27.463686,79.976616,-61.058407,29.531055,79.118576,2.633537,20.252920,10.648396,-18.445307,28.467733,54.795582,-32.972172,35.561077,74.972824,-32.772846,35.308163,9.170972,4.383352,23.844341,43.235806,0.345050,19.499184,75.428329,-48.308891,70.909042,41.303028,-45.530094,73.646797,8.719550,-40.781319,52.200859,31.834639,-45.047249,73.430824,73.460358
963,8.025000,-0.000333,0.000329,-0.000400,1.000000,-31.705254,28.860430,40.915054,-59.792961,30.253500,1.596218,-2.231747,28.199514,2.821249,-3.756133,27.469301,79.966583,-61.040188,29.519409,79.276268,-59.784042,30.249271,1.616706,-2.297982,28.208250,2.868481,-3.722004,27.464148,79.976410,-61.057800,29.532114,79.119316,2.641234,20.258402,10.646456,-18.435991,28.466494,54.799068,-32.925411,35.561260,74.978477,-32.785606,35.299950,9.170315,4.384170,23.844978,43.235214,0.344118,19.502094,75.425461,-48.332863,70.889160,41.304298,-45.523445,73.638695,8.724614,-40.793522,52.185204,31.833952,-45.029617,73.434814,73.455811
964,8.033000,-0.000330,0.000341,-0.000378,1.000000,-31.704363,28.858995,40.916622,-59.793045,30.251083,1.598448,-2.231723,28.199589,2.822122,-3.754270,27.468849,79.967484,-61.038429,29.516470,79.278526,-59.784119,30.246555,1.619249,-2.298483,28.208935,2.871013,-3.719485,27.463404,79.976509,-61.058830,29.530304,79.118462,2.650078,20.261812,10.647793,-18.448475,28.460205,54.795624,-32.886150,35.568665,74.968132,-32.794998,35.287594,9.167610,4.384905,23.844641,43.234093,0.330421,19.490681,75.423409,-48.349537,70.871223,41.305504,-45.517235,73.628426,8.726333,-40.807682,52.170837,31.832310,-45.019295,73.434868,73.449890
965,8.041000,-0.000344,0.000355,-0.000389,1.000000,-31.703478,28.858179,40.916859,-59.793221,30.249865,1.599431,-2.231914,28.197083,2.821553,-3.752324,27.468428,79.966972,-61.036457,29.517347,79.279564,-59.784424,30.245144,1.620490,-2.297806,28.206774,2.871432,-3.717305,27.462805,79.974907,-61.059410,29.531939,79.119125,2.654535,20.264183,10.647326,-18.449467,28.459492,54.793392,-32.833611,35.601372,74.941620,-32.801334,35.282555,9.166215,4.383253,23.844559,43.233566,0.326330,19.488907,75.422623,-48.364941,70.859573,41.305305,-45.515881,73.617126,8.731471,-40.819393,52.156799,31.830603,-45.009125,73.438385,73.445358
966,8.050000,-0.000328,0.000342,-0.000407,1.000000,-31.704817,28.858614,40.914349,-59.793453,30.252537,1.596209,-2.232251,28.197693,2.819815,-3.754759,27.466637,79.965172,-61.038803,29.517593,79.276291,-59.784733,30.247852,1.617241,-2.297550,28.207298,2.869478,-3.720997,27.461105,79.972893,-61.058754,29.531818,79.118553,2.660551,20.269979,10.644991,-18.439634,28.460957,54.799728,-32.792194,35.635681,74.907944,-32.808292,35.276520,9.166129,4.383235,23.840199,43.235584,0.318092,19.484615,75.421120,-48.382240,70.847839,41.307846,-45.508228,73.610115,8.731748,-40.836514,52.142189,31.830120,-44.998535,73.439369,73.442902
967,8.058000,-0.000326,0.000337,-0.000398,1.000000,-31.704500,28.858477,40.913578,-59.792805,30.252058,1.595190,-2.231571,28.198225,2.819321,-3.754777,27.466843,79.964661,-61.038853,29.516792,79.275253,-59.783806,30.247637,1.615762,-2.297176,28.207258,2.866472,-3.719993,27.461491,79.973984,-61.059582,29.530144,79.119057,2.664370,20.273176,10.647358,-18.458136,28.450266,54.799671,-32.766594,35.652008,74.886528,-32.814484,35.274887,9.167656,4.380972,23.841404,43.237549,0.310734,19.480785,75.417625,-48.391747,70.841362,41.306049,-45.503799,73.601410,8.733508,-40.847950,52.129547,31.830164,-44.988129,73.439751,73.436050
968,8.066000,-0.000340,0.000336,-0.000378,1.000000,-31.704674,28.860273,40.913315,-59.792953,30.251539,1.594827,-2.231646,28.200111,2.819130,-3.754971,27.470940,79.964485,-61.039127,29.518513,79.274902,-59.784435,30.247185,1.615640,-2.295862,28.208996,2.867494,-3.721080,27.465714,79.972702,-61.058762,29.531685,79.118904,2.670460,20.272226,10.647581,-18.451189,28.453773,54.796791,-32.741199,35.669163,74.880852,-32.816963,35.273090,9.170104,4.380520,23.840084,43.240871,0.310652,19.484198,75.418602,-48.401569,70.825920,41.311733,-45.495216,73.598076,8.739554,-40.861664,52.110153,31.816027,-44.978760,73.438911,73.433815
969,8.074000,-0.000343,0.000337,-0.000388,1.000000,-31.704935,28.860197,40.913315,-59.793293,30.251873,1.594901,-2.232024,28.199200,2.819052,-3.755155,27.470455,79.964424,-61.039268,29.519266,79.274986,-59.784977,30.247454,1.615263,-2.297111,28.208288,2.868820,-3.720738,27.465115,79.972672,-61.058701,29.532600,79.119240,2.672640,20.277111,10.647969,-18.452785,28.456562,54.793537,-32.733101,35.668858,74.879440,-32.821842,35.266720,9.169055,4.379256,23.839096,43.242950,0.303861,19.479488,75.418152,-48.410725,70.813408,41.318573,-45.487896,73.590378,8.741302,-40.870178,52.102234,31.810490,-44.970108,73.438705,73.428581
970,8.083000,-0.000343,0.000337,-0.000395,1.000000,-31.704420,28.859123,40.914650,-59.792709,30.251143,1.596197,-2.231467,28.197765,2.820420,-3.754705,27.469040,79.965797,-61.038792,29.518553,79.276291,-59.783745,30.246881,1.617362,-2.296751,28.206522,2.868330,-3.720947,27.463936,79.974304,-61.058552,29.531538,79.117981,2.671693,20.277594,10.646173,-18.450985,28.458294,54.791676,-32.728996,35.658604,74.884598,-32.829208,35.261856,9.168900,4.378062,23.838310,43.242382,0.303690,19.481369,75.417915,-48.416328,70.807480,41.318996,-45.481167,73.585846,8.740201,-40.877865,52.093060,31.808659,-44.957211,73.445175,73.423470
971,8.091000,-0.000343,0.000336,-0.000409,1.000000,-31.704351,28.859993,40.914528,-59.792553,30.252764,1.596034,-2.231369,28.197777,2.820340,-3.754729,27.469164,79.965714,-61.038757,29.520279,79.276123,-59.784084,30.248674,1.616624,-2.297353,28.206297,2.870694,-3.720099,27.464169,79.973953,-61.058712,29.532803,79.117653,2.669976,20.278938,10.646626,-18.452002,28.457960,54.789574,-32.731571,35.647259,74.891495,-32.835339,35.252575,9.168538,4.372909,23.847858,43.243198,0.306688,19.484808,75.418907,-48.417278,70.805069,41.314499,-45.475098,73.579010,8.736396,-40.883400,52.086246,31.808441,-44.948872,73.446999,73.418648
972,8.099000,-0.000357,0.000337,-0.000411,1.000000,-31.703707,28.860304,40.914871,-59.791981,30.252186,1.596397,-2.230805,28.196903,2.820638,-3.754017,27.470354,79.966034,-61.038029,29.521778,79.276505,-59.783382,30.248037,1.616706,-2.297656,28.205591,2.870830,-3.718692,27.465244,79.974854,-61.058487,29.534473,79.118065,2.667830,20.276672,10.647609,-18.457804,28.450159,54.795361,-32.738884,35.642097,74.897675,-32.839943,35.245262,9.167995,4.375561,23.844315,43.244743,0.310579,19.487862,75.419174,-48.419876,70.799721,41.311230,-45.465790,73.571686,8.734282,-40.889694,52.079453,31.808544,-44.937283,73.444672,73.413521
973,8.108000,-0.000344,0.000332,-0.000386,1.000000,-31.703588,28.861078,40.915478,-59.791531,30.252508,1.596752,-2.230254,28.200144,2.821541,-3.754231,27.471581,79.966888,-61.038345,29.520088,79.276825,-59.782654,30.248600,1.617554,-2.296377,28.208288,2.869739,-3.719760,27.466774,79.976036,-61.057980,29.532063,79.117897,2.664318,20.272509,10.647911,-18.452927,28.453558,54.794998,-32.757618,35.617477,74.893860,-32.847492,35.231606,9.164015,4.377331,23.840792,43.240356,0.316131,19.490301,75.418892,-48.426731,70.793709,41.309433,-45.451141,73.566696,8.729033,-40.892227,52.071762,31.807133,-44.923096,73.446716,73.408653
974,8.116000,-0.000328,0.000333,-0.000399,1.000000,-31.703064,28.859148,40.915997,-59.791069,30.252617,1.597393,-2.229855,28.198677,2.821955,-3.753638,27.467623,79.967285,-61.037697,29.517681,79.277443,-59.782959,30.248264,1.617782,-2.294530,28.207565,2.870256,-3.717965,27.462240,79.976715,-61.058514,29.531050,79.118301,2.660400,20.269976,10.646369,-18.451294,28.454304,54.792511,-32.775646,35.609604,74.894516,-32.852051,35.223419,9.163072,4.379977,23.839481,43.237843,0.323133,19.493792,75.420555,-48.435276,70.787338,41.304844,-45.439507,73.565880,8.729500,-40.895542,52.066422,31.805218,-44.915924,73.446693,73.400787
975,8.125000,-0.000341,0.000342,-0.000378,1.000000,-31.703949,28.857937,40.917458,-59.792698,30.249193,1.599297,-2.231369,28.197680,2.822924,-3.753790,27.468613,79.968307,-61.037945,29.516272,79.279396,-59.783394,30.244440,1.620681,-2.297260,28.207350,2.869756,-3.719791,27.463001,79.977425,-61.058468,29.530781,79.119110,2.654434,20.266018,10.645232,-18.452162,28.452946,54.793404,-32.797485,35.603558,74.896294,-32.860695,35.216927,9.154857,4.382212,23.840199,43.233749,0.323824,19.491091,75.422447,-48.442905,70.778801,41.299160,-45.426662,73.564507,8.729435,-40.896072,52.062374,31.803009,-44.911228,73.442558,73.395821
976,8.133000,-0.000331,0.000334,-0.000391,1.000000,-31.705137,28.859482,40.916058,-59.793209,30.252222,1.597473,-2.231953,28.199240,2.821994,-3.755647,27.468685,79.967331,-61.039745,29.517788,79.277534,-59.784275,30.248188,1.618057,-2.298639,28.207636,2.869830,-3.721192,27.463728,79.977043,-61.058163,29.530031,79.119003,2.647812,20.263386,10.645979,-18.451153,28.452682,54.794949,-32.833656,35.584339,74.911522,-32.864933,35.211895,9.151011,4.384275,23.839626,43.231770,0.327408,19.492058,75.423058,-48.448997,70.772583,41.294189,-45.410995,73.565361,8.731408,-40.895035,52.056175,31.800465,-44.902260,73.442513,73.388092
977,8.141000,-0.000338,0.000331,-0.000377,1.000000,-31.704542,28.859663,40.916531,-59.792404,30.251112,1.597756,-2.231106,28.199709,2.822655,-3.755257,27.470148,79.968002,-61.039398,29.517689,79.277817,-59.783577,30.247042,1.618699,-2.296906,28.208155,2.871290,-3.720979,27.465200,79.976654,-61.059372,29.530180,79.118835,2.639640,20.258049,10.646563,-18.450159,28.451208,54.793404,-32.862850,35.557331,74.930962,-32.856873,35.198429,9.159553,4.383225,23.841305,43.232445,0.329586,19.491192,75.424973,-48.453609,70.770424,41.272579,-45.399788,73.564735,8.731437,-40.894360,52.053547,31.800165,-44.896309,73.437996,73.383293
978,8.150000,-0.000331,0.000327,-0.000369,1.000000,-31.705040,28.859678,40.914631,-59.792664,30.251240,1.595682,-2.231336,28.200739,2.820948,-3.755996,27.470053,79.966270,-61.040176,29.516687,79.275726,-59.783916,30.247021,1.616604,-2.296347,28.209383,2.868423,-3.721930,27.464947,79.975296,-61.059483,29.529520,79.117645,2.636223,20.250366,10.650892,-18.450247,28.453753,54.790329,-32.893108,35.532616,74.953850,-32.859062,35.189739,9.150153,4.379839,23.847433,43.237312,0.338143,19.496273,75.425888,-48.452194,70.764252,41.258583,-45.390045,73.561958,8.728680,-40.890102,52.046066,31.795979,-44.893204,73.433861,73.375046
979,8.158000,-0.000338,0.000333,-0.000397,1.000000,-31.705757,28.859299,40.914848,-59.793758,30.251875,1.596209,-2.232537,28.198198,2.820828,-3.756338,27.468664,79.966179,-61.040401,29.518467,79.276276,-59.784760,30.247370,1.617253,-2.298507,28.207483,2.870066,-3.722460,27.463310,79.974213,-61.060505,29.532183,79.118088,2.628718,20.247660,10.650076,-18.450064,28.456215,54.791195,-32.913754,35.513969,74.963448,-32.850758,35.182125,9.159842,4.381159,23.842140,43.240215,0.338854,19.493793,75.427368,-48.454857,70.763741,41.254826,-45.381199,73.561302,8.725750,-40.889099,52.044415,31.795914,-44.882877,73.433594,73.371651
980,8.166000,-0.000339,0.000338,-0.000399,1.000000,-31.705511,28.859966,40.915031,-59.793900,30.252529,1.596674,-2.232677,28.198660,2.820712,-3.755695,27.469345,79.966080,-61.039757,29.519344,79.276764,-59.785313,30.247370,1.617607,-2.298380,28.209187,2.871184,-3.721346,27.463303,79.973747,-61.060776,29.535034,79.117767,2.623049,20.248911,10.648767,-18.456757,28.446823,54.797638,-32.933098,35.511532,74.963264,-32.850140,35.176239,9.149806,4.378715,23.842613,43.238861,0.341622,19.494921,75.428833,-48.457630,70.757851,41.252613,-45.370613,73.560677,8.721273,-40.885838,52.040405,31.793903,-44.879787,73.430244,73.366219
981,8.175000,-0.000331,0.000344,-0.000392,1.000000,-31.705751,28.859266,40.915138,-59.794605,30.252052,1.597115,-2.233335,28.198925,2.820483,-3.755483,27.468422,79.965851,-61.039589,29.517673,79.277191,-59.786205,30.247303,1.618154,-2.298333,28.208620,2.870327,-3.721149,27.462784,79.973793,-61.060238,29.532238,79.117165,2.616874,20.244499,10.647326,-18.452652,28.449997,54.797054,-32.951881,35.514961,74.951523,-32.848202,35.171795,9.146348,4.379738,23.841486,43.236744,0.349302,19.500559,75.430740,-48.457977,70.752449,41.248333,-45.360165,73.557373,8.717951,-40.880550,52.041180,31.794388,-44.875702,73.427017,73.361412
982,8.183000,-0.000336,0.000339,-0.000393,1.000000,-31.704239,28.858978,40.915211,-59.792675,30.251488,1.596880,-2.231422,28.198259,2.820870,-3.754383,27.468407,79.966232,-61.038475,29.517763,79.276955,-59.782719,30.247139,1.618704,-2.298022,28.207233,2.867986,-3.721159,27.463297,79.974472,-61.059399,29.531054,79.117729,2.613956,20.242590,10.648528,-18.452209,28.455257,54.795010,-32.966148,35.523659,74.940681,-32.836662,35.159946,9.154872,4.381944,23.842865,43.234764,0.353447,19.502533,75.433197,-48.457108,70.749817,41.244816,-45.350357,73.554337,8.708929,-40.875099,52.034527,31.791782,-44.871040,73.425003,73.355774
983,8.191000,-0.000338,0.000339,-0.000377,1.000000,-31.704512,28.858572,40.916733,-59.793056,30.250046,1.598442,-2.231729,28.198650,2.822345,-3.754553,27.469032,79.967712,-61.038715,29.516565,79.278526,-59.782475,30.244997,1.620184,-2.300784,28.209126,2.870004,-3.721408,27.463236,79.976181,-61.059265,29.531818,79.119133,2.612173,20.241493,10.650507,-18.456989,28.449785,54.797832,-32.977997,35.523090,74.935028,-32.832043,35.149231,9.156201,4.379909,23.852276,43.233940,0.354777,19.504086,75.431885,-48.453300,70.748672,41.237904,-45.342308,73.555038,8.703121,-40.867756,52.031605,31.790649,-44.848000,73.437050,73.336967
984,8.199000,-0.000359,0.000335,-0.000385,1.000000,-31.705284,28.859976,40.915726,-59.793461,30.250183,1.597130,-2.232182,28.197971,2.821627,-3.755686,27.471695,79.967010,-61.039806,29.520061,79.277237,-59.784622,30.246023,1.617574,-2.299517,28.206697,2.870925,-3.721290,27.466614,79.976273,-61.057819,29.532661,79.118835,2.611345,20.239336,10.649768,-18.451712,28.449663,54.796623,-32.997562,35.520840,74.932976,-32.829117,35.142601,9.153583,4.380586,23.851280,43.236164,0.361602,19.510502,75.430283,-48.448486,70.749031,41.233002,-45.336090,73.550789,8.694071,-40.863243,52.029884,31.789103,-44.837551,73.437416,73.328903
985,8.208000,-0.000345,0.000350,-0.000391,1.000000,-31.704552,28.858089,40.917156,-59.793865,30.249750,1.599419,-2.232569,28.196835,2.822176,-3.753823,27.468363,79.967583,-61.037945,29.517416,79.279541,-59.784897,30.244373,1.620523,-2.298285,28.207653,2.869287,-3.718936,27.462032,79.976997,-61.059528,29.533857,79.118301,2.611961,20.239071,10.651110,-18.451988,28.453709,54.794956,-33.014172,35.513115,74.933052,-32.830162,35.124405,9.151626,4.379074,23.851261,43.239414,0.359184,19.507261,75.429916,-48.441090,70.745819,41.226162,-45.327717,73.548798,8.687732,-40.857635,52.030407,31.785975,-44.832550,73.435440,73.322937
986,8.216000,-0.000354,0.000344,-0.000376,1.000000,-31.704929,28.859457,40.916706,-59.793835,30.249559,1.598620,-2.232492,28.198355,2.822077,-3.754610,27.471279,79.967484,-61.038780,29.518642,79.278740,-59.784298,30.244511,1.620428,-2.298615,28.208694,2.871403,-3.721467,27.465456,79.974571,-61.059906,29.534033,79.119614,2.612315,20.239595,10.650758,-18.452076,28.455627,54.792988,-33.030190,35.505684,74.931229,-32.834446,35.120182,9.139306,4.380203,23.846083,43.240017,0.358575,19.506826,75.431602,-48.435654,70.743698,41.221516,-45.321503,73.547539,8.686066,-40.852062,52.030510,31.781063,-44.829838,73.430809,73.317131
987,8.224000,-0.000344,0.000347,-0.000387,1.000000,-31.703451,28.859032,40.916428,-59.792542,30.250526,1.598531,-2.231246,28.198061,2.821618,-3.752947,27.469467,79.967026,-61.037075,29.518076,79.278648,-59.784115,30.245867,1.619108,-2.297214,28.207636,2.871291,-3.717117,27.463802,79.975853,-61.059277,29.532465,79.118011,2.614292,20.241638,10.651167,-18.450762,28.456488,54.792107,-33.046989,35.507149,74.927521,-32.830448,35.114269,9.147728,4.381780,23.842875,43.238789,0.356350,19.505465,75.430664,-48.421894,70.746902,41.218491,-45.315556,73.541389,8.675196,-40.845776,52.028763,31.780191,-44.839371,73.414841,73.327072
988,8.233000,-0.000346,0.000335,-0.000375,1.000000,-31.704632,28.858578,40.914978,-59.792854,30.249203,1.596433,-2.231532,28.198137,2.820852,-3.754985,27.469883,79.966217,-61.039150,29.517096,79.276512,-59.783096,30.243973,1.618461,-2.297974,28.208891,2.870752,-3.722534,27.463919,79.972717,-61.059307,29.532927,79.118309,2.615569,20.244158,10.649037,-18.450312,28.457445,54.791176,-33.064049,35.507137,74.919731,-32.828472,35.107437,9.146775,4.378615,23.850468,43.238461,0.353521,19.505613,75.429512,-48.412819,70.751236,41.210217,-45.310661,73.539856,8.667443,-40.836742,52.029915,31.778782,-44.827827,73.426285,73.307838
989,8.241000,-0.000345,0.000335,-0.000404,1.000000,-31.705904,28.859619,40.914780,-59.793999,30.252007,1.596197,-2.232802,28.197502,2.820685,-3.756389,27.469168,79.966049,-61.040424,29.519802,79.276283,-59.784706,30.247587,1.617404,-2.298255,28.206562,2.868329,-3.722811,27.463928,79.974297,-61.060745,29.533175,79.119751,2.619023,20.246565,10.648667,-18.458057,28.448856,54.797089,-33.089443,35.501938,74.911667,-32.823677,35.098610,9.145220,4.380355,23.846289,43.240078,0.344979,19.500469,75.429176,-48.406929,70.747742,41.203255,-45.307392,73.539772,8.662493,-40.826500,52.029747,31.773911,-44.833939,73.411934,73.315414
990,8.250000,-0.000331,0.000336,-0.000391,1.000000,-31.705862,28.859907,40.914978,-59.794090,30.252644,1.596504,-2.232832,28.199696,2.820793,-3.756216,27.469110,79.966141,-61.040318,29.518185,79.276573,-59.785736,30.248489,1.617195,-2.297889,28.208250,2.869017,-3.721492,27.464008,79.975372,-61.059753,29.530924,79.117195,2.621987,20.247559,10.648450,-18.456291,28.445084,54.802830,-33.107975,35.503235,74.907654,-32.815231,35.090324,9.142170,4.380390,23.843237,43.238743,0.338120,19.497158,75.429039,-48.405151,70.746330,41.197182,-45.300682,73.536484,8.656783,-40.814705,52.031242,31.768747,-44.820892,73.422531,73.296577
991,8.258000,-0.000328,0.000327,-0.000369,1.000000,-31.704325,28.857685,40.916378,-59.791946,30.249483,1.597440,-2.230623,28.198978,2.822685,-3.755280,27.467823,79.968002,-61.039448,29.514460,79.277481,-59.782707,30.243715,1.618967,-2.296961,28.210651,2.871353,-3.721750,27.461226,79.976151,-61.059715,29.531986,79.116524,2.627603,20.249527,10.649780,-18.455391,28.446236,54.798431,-33.125301,35.498756,74.907166,-32.808140,35.084839,9.141365,4.379903,23.844370,43.237255,0.333332,19.493891,75.425972,-48.400654,70.746979,41.192783,-45.298786,73.534119,8.651752,-40.803013,52.028400,31.765837,-44.833817,73.402275,73.306229
992,8.266000,-0.000355,0.000341,-0.000401,1.000000,-31.704565,28.859589,40.914772,-59.793167,30.250999,1.596519,-2.231944,28.196907,2.820316,-3.754547,27.470108,79.965714,-61.038612,29.520348,79.276634,-59.784134,30.246338,1.618011,-2.297214,28.206461,2.869951,-3.721046,27.464645,79.972908,-61.059582,29.534632,79.117699,2.630220,20.252340,10.649712,-18.449488,28.455681,54.793255,-33.142578,35.489952,74.909271,-32.802849,35.079826,9.141013,4.380876,23.844734,43.236088,0.328450,19.489910,75.426392,-48.395298,70.744232,41.189037,-45.294228,73.531784,8.645674,-40.791531,52.032566,31.764872,-44.839314,73.398956,73.307175
993,8.275000,-0.000360,0.000270,-0.000375,1.000000,-31.707954,28.858801,40.905468,-59.791023,30.248392,1.583201,-2.229867,28.197353,2.815223,-3.763428,27.471134,79.960403,-61.047501,29.518333,79.263130,-59.785698,30.242802,1.598722,-2.296228,28.208872,2.868919,-3.720761,27.463087,79.973778,-61.059387,29.533798,79.119263,2.636458,20.252144,10.649792,-18.457682,28.450983,54.795670,-33.157593,35.484978,74.911568,-32.796890,35.072681,9.140214,4.380820,23.847010,43.235542,0.330207,19.493971,75.420868,-48.389950,70.743279,41.185581,-45.292534,73.530121,8.640549,-40.778236,52.033287,31.763626,-44.834927,73.397270,73.305420
994,8.283000,-0.000357,0.000335,-0.000379,1.000000,-31.704462,28.857809,40.914730,-59.792690,30.247847,1.596162,-2.231386,28.196323,2.820602,-3.754816,27.469694,79.965988,-61.038960,29.517380,79.276260,-59.784199,30.243265,1.616578,-2.297428,28.205704,2.868825,-3.718648,27.464031,79.975883,-61.060310,29.531446,79.115677,2.640283,20.252193,10.650115,-18.457481,28.449959,54.796959,-33.182735,35.469971,74.923775,-32.790646,35.067917,9.142273,4.381940,23.847496,43.234268,0.329450,19.494835,75.420181,-48.381927,70.742844,41.181938,-45.290600,73.527840,8.632195,-40.761677,52.032917,31.772999,-44.831177,73.398170,73.302406
995,8.291000,-0.000365,0.000341,-0.000402,1.000000,-31.704241,28.858257,40.917061,-59.792839,30.248917,1.598772,-2.231610,28.194788,2.822620,-3.754231,27.469522,79.968033,-61.038292,29.519806,79.278908,-59.783089,30.244320,1.620311,-2.299218,28.204302,2.870792,-3.719905,27.464092,79.976677,-61.060341,29.533981,79.116997,2.640299,20.256868,10.648560,-18.457861,28.449055,54.797649,-33.196033,35.461071,74.935028,-32.784889,35.063400,9.140669,4.384086,23.846886,43.235134,0.323646,19.490446,75.420708,-48.373138,70.741425,41.177639,-45.290138,73.525826,8.628462,-40.751694,52.034153,31.778196,-44.826405,73.397911,73.302849
996,8.300000,-0.000358,0.000338,-0.000390,1.000000,-31.703293,28.858831,40.917084,-59.791721,30.249401,1.598680,-2.230456,28.196556,2.822783,-3.753442,27.470186,79.968178,-61.037548,29.519188,79.278793,-59.782578,30.244228,1.620031,-2.296590,28.207060,2.870752,-3.719191,27.464136,79.976906,-61.058704,29.534998,79.117661,2.643007,20.258776,10.647515,-18.451220,28.455105,54.795986,-33.209148,35.459839,74.936867,-32.780411,35.056343,9.140817,4.385060,23.845646,43.232616,0.319681,19.488834,75.418678,-48.361267,70.744400,41.174019,-45.290951,73.523788,8.624638,-40.738640,52.037113,31.777906,-44.826988,73.397842,73.301262
997,8.308000,-0.000361,0.000339,-0.000391,1.000000,-31.703854,28.858587,40.917068,-59.792351,30.248985,1.598707,-2.231085,28.196081,2.822718,-3.753936,27.470118,79.968117,-61.038040,29.519173,79.278824,-59.783573,30.243692,1.619708,-2.297186,28.206842,2.872071,-3.719643,27.463924,79.976517,-61.058372,29.535250,79.118607,2.644180,20.259377,10.648205,-18.451849,28.455597,54.794132,-33.216057,35.465576,74.930344,-32.773163,35.049217,9.143498,4.386455,23.846729,43.231838,0.322182,19.492241,75.419083,-48.346207,70.749298,41.170170,-45.291042,73.518410,8.614718,-40.727139,52.036900,31.775099,-44.822796,73.401466,73.299942
998,8.316000,-0.000353,0.000335,-0.000416,1.000000,-31.705433,28.860077,40.916374,-59.793556,30.252522,1.597816,-2.232399,28.196701,2.822244,-3.755891,27.469570,79.967628,-61.039890,29.521524,79.277916,-59.784782,30.248058,1.618423,-2.299289,28.205963,2.871716,-3.721621,27.464195,79.976570,-61.058361,29.535046,79.118935,2.645107,20.257469,10.648921,-18.456305,28.451200,54.796612,-33.221252,35.472767,74.925446,-32.771839,35.048191,9.142406,4.386048,23.849037,43.232029,0.321649,19.491770,75.420303,-48.327957,70.756340,41.166695,-45.292934,73.515991,8.610024,-40.717155,52.039425,31.772974,-44.816284,73.404472,73.300369
999,8.324000,-0.000339,0.000332,-0.000387,1.000000,-31.705046,28.858412,40.915157,-59.793003,30.250315,1.596460,-2.231738,28.197796,2.821195,-3.755668,27.468443,79.966545,-61.039780,29.517099,79.276535,-59.784462,30.245377,1.616870,-2.297926,28.207880,2.869939,-3.720774,27.462515,79.975929,-61.058990,29.532007,79.117905,2.644063,20.257391,10.649675,-18.449879,28.452448,54.794651,-33.225746,35.475697,74.920418,-32.771103,35.043350,9.140285,4.385905,23.849794,43.232761,0.321708,19.493256,75.418335,-48.309044,70.763054,41.164032,-45.295135,73.514221,8.604876,-40.708191,52.041840,31.771883,-44.814262,73.406448,73.297798
1000,8.333000,-0.000328,0.000330,-0.000401,1.000000,-31.705915,28.859377,40.913483,-59.793697,30.252956,1.594722,-2.232495,28.198782,2.819607,-3.756717,27.467743,79.964928,-61.040760,29.518032,79.274765,-59.785683,30.248318,1.614238,-2.299537,28.208435,2.870565,-3.720558,27.461988,79.974434,-61.059769,29.532034,79.117531,2.642686,20.258141,10.650129,-18.450268,28.454268,54.792320,-33.227695,35.482555,74.915276,-32.769520,35.038261,9.140314,4.383555,23.854448,43.236446,0.317468,19.488333,75.419495,-48.274647,70.774635,41.157990,-45.297459,73.509964,8.596286,-40.701084,52.044403,31.769583,-44.807400,73.411819,73.298615
1001,8.341000,-0.000331,0.000321,-0.000422,1.000000,-31.705931,28.858992,40.913876,-59.792870,30.253496,1.594543,-2.231780,28.196907,2.820590,-3.757563,27.466440,79.965889,-61.041512,29.519135,79.274574,-59.784580,30.248917,1.614117,-2.298797,28.206411,2.870219,-3.721533,27.460749,79.975838,-61.060398,29.532904,79.118019,2.640907,20.257322,10.648398,-18.449696,28.457399,54.793262,-33.226440,35.486679,74.913597,-32.769951,35.035046,9.135925,4.379570,23.857819,43.240631,0.322995,19.491976,75.420670,-48.248684,70.786896,41.152428,-45.289715,73.517754,8.592324,-40.696136,52.046978,31.764933,-44.807865,73.412933,73.297134
1002,8.349000,-0.000321,0.000331,-0.000395,1.000000,-31.705448,28.858051,40.916122,-59.793259,30.251827,1.597390,-2.232030,28.198307,2.822232,-3.756219,27.466223,79.967545,-61.040287,29.515854,79.277428,-59.784908,30.247303,1.617573,-2.298162,28.207630,2.871239,-3.720604,27.460659,79.977127,-61.060196,29.529644,79.118652,2.638722,20.257313,10.648118,-18.448116,28.455702,54.793049,-33.223736,35.485737,74.915222,-32.770229,35.030685,9.135861,4.377269,23.856825,43.245125,0.329310,19.495165,75.422394,-48.213181,70.798615,41.152821,-45.292557,73.517700,8.587875,-40.692490,52.049507,31.761599,-44.800030,73.417870,73.295105
1003,8.358000,-0.000339,0.000347,-0.000376,1.000000,-31.702856,28.858753,40.916206,-59.791969,30.250042,1.598313,-2.230620,28.198740,2.821401,-3.752327,27.469397,79.966797,-61.036503,29.516844,79.278419,-59.783066,30.245495,1.619422,-2.296549,28.208075,2.870438,-3.717901,27.463976,79.975113,-61.057644,29.530796,79.118362,2.634377,20.252815,10.649370,-18.450256,28.457891,54.791378,-33.221657,35.483154,74.920044,-32.771927,35.026642,9.135921,4.374277,23.855072,43.247967,0.334641,19.496758,75.424919,-48.184299,70.810493,41.149452,-45.297951,73.512085,8.577893,-40.689743,52.048481,31.757679,-44.792179,73.421112,73.293114
1004,8.366000,-0.000327,0.000336,-0.000397,1.000000,-31.704082,28.858112,40.916130,-59.792336,30.251547,1.597697,-2.231100,28.197844,2.821910,-3.754419,27.466621,79.967255,-61.038494,29.516443,79.277756,-59.783737,30.246565,1.618234,-2.296559,28.207937,2.869500,-3.719799,27.460661,79.976814,-61.057556,29.531456,79.119644,2.630962,20.250927,10.650381,-18.455462,28.450018,54.794472,-33.215687,35.485542,74.922768,-32.772064,35.020058,9.132859,4.376985,23.846838,43.249401,0.340126,19.498529,75.426407,-48.162472,70.817726,41.144199,-45.302177,73.503441,8.565290,-40.686249,52.050053,31.753843,-44.791431,73.420593,73.292686
1005,8.375000,-0.000331,0.000331,-0.000401,1.000000,-31.705025,28.857813,40.917217,-59.792828,30.251118,1.598465,-2.231628,28.196939,2.823329,-3.755796,27.466450,79.968658,-61.039848,29.516748,79.278519,-59.783131,30.245743,1.619884,-2.298453,28.207853,2.869881,-3.722836,27.460262,79.977837,-61.058140,29.532866,79.119583,2.625005,20.250771,10.648632,-18.450611,28.453918,54.795837,-33.209980,35.487488,74.922821,-32.772789,35.019363,9.129816,4.379579,23.840921,43.244587,0.344240,19.499783,75.426094,-48.136936,70.824562,41.137920,-45.325989,73.485390,8.550465,-40.684353,52.050217,31.748598,-44.793568,73.419899,73.291473
1006,8.383000,-0.000322,0.000322,-0.000407,1.000000,-31.705406,28.858768,40.917747,-59.792511,30.253128,1.598537,-2.231362,28.198238,2.824354,-3.756869,27.466360,79.969643,-61.040878,29.517355,79.278549,-59.783905,30.247284,1.618991,-2.297440,28.210003,2.871887,-3.722538,27.459494,79.979599,-61.058445,29.534813,79.119858,2.622567,20.249043,10.651234,-18.457487,28.451311,54.796608,-33.201580,35.492374,74.916306,-32.772686,35.020020,9.125772,4.382020,23.845804,43.238552,0.342647,19.497377,75.423111,-48.114021,70.832664,41.131771,-45.331657,73.483047,8.541752,-40.683399,52.048470,31.742924,-44.787609,73.426552,73.289474
1007,8.391000,-0.000343,0.000338,-0.000382,1.000000,-31.704908,28.857332,40.919098,-59.793316,30.248701,1.600710,-2.232024,28.196722,2.824804,-3.755078,27.467896,79.970177,-61.039207,29.516018,79.280792,-59.784214,30.242765,1.622100,-2.298246,28.208641,2.871875,-3.721129,27.461048,79.979614,-61.058777,29.534086,79.118088,2.619541,20.245058,10.651500,-18.452799,28.456434,54.792595,-33.194767,35.493366,74.916771,-32.772156,35.019051,9.125303,4.381688,23.854572,43.237236,0.344008,19.499557,75.425781,-48.080513,70.831718,41.118214,-45.337852,73.480698,8.530996,-40.681137,52.045757,31.735165,-44.788391,73.426613,73.293388
1008,8.400000,-0.000345,0.000343,-0.000391,1.000000,-31.704962,28.858337,40.917034,-59.793758,30.250036,1.598933,-2.232489,28.197039,2.822441,-3.754750,27.468571,79.967834,-61.038853,29.517710,79.279037,-59.784538,30.244833,1.620466,-2.297208,28.207401,2.867170,-3.720637,27.462467,79.977715,-61.059616,29.533592,79.117912,2.618281,20.240429,10.653674,-18.459202,28.450533,54.791325,-33.193962,35.494522,74.918266,-32.769192,35.020958,9.124091,4.380261,23.855610,43.237720,0.349507,19.507090,75.427498,-48.040798,70.845284,41.108368,-45.347370,73.475792,8.520302,-40.684113,52.053879,31.717678,-44.787552,73.429924,73.291832
1009,8.408000,-0.000353,0.000340,-0.000372,1.000000,-31.704403,28.858492,40.916153,-59.793026,30.248461,1.597866,-2.231681,28.197649,2.821741,-3.754356,27.470449,79.967133,-61.038544,29.517418,79.277977,-59.783588,30.243483,1.619638,-2.296120,28.207584,2.866536,-3.720805,27.464643,79.976341,-61.059601,29.532551,79.118477,2.610930,20.237043,10.653481,-18.459145,28.451691,54.790871,-33.196735,35.492527,74.920410,-32.763649,35.021885,9.120549,4.381273,23.848421,43.237751,0.351647,19.511627,75.426582,-47.976051,70.867973,41.117210,-45.355339,73.476173,8.510641,-40.678822,52.057384,31.707424,-44.763256,73.449478,73.273773
1010,8.416000,-0.000359,0.000322,-0.000397,1.000000,-31.706562,28.859407,40.913956,-59.793709,30.250322,1.594651,-2.232519,28.196707,2.820605,-3.757987,27.470419,79.965950,-61.042034,29.520187,79.274727,-59.785263,30.245993,1.614780,-2.298501,28.205677,2.869738,-3.723464,27.465132,79.975082,-61.060078,29.533184,79.118935,2.606631,20.233265,10.654955,-18.459869,28.453810,54.788311,-33.202084,35.495098,74.915375,-32.757275,35.022888,9.116041,4.382097,23.843994,43.237247,0.348452,19.509720,75.427505,-47.933788,70.882736,41.113773,-45.363178,73.468636,8.499086,-40.674007,52.061768,31.704988,-44.760506,73.452850,73.273170
1011,8.425000,-0.000351,0.000323,-0.000401,1.000000,-31.706423,28.859016,40.913715,-59.793629,30.250799,1.594478,-2.232447,28.196680,2.820301,-3.757793,27.469168,79.965637,-61.041824,29.519424,79.274544,-59.784801,30.246214,1.614895,-2.299687,28.206217,2.870209,-3.723574,27.463671,79.974434,-61.060089,29.533205,79.117104,2.600291,20.227568,10.655354,-18.460110,28.453526,54.786301,-33.209942,35.502853,74.908089,-32.750896,35.023766,9.115122,4.380886,23.843092,43.237442,0.350601,19.512480,75.428322,-47.908550,70.892258,41.104069,-45.372425,73.466095,8.487743,-40.665794,52.058846,31.710667,-44.788799,73.431763,73.297447
1012,8.433000,-0.000338,0.000323,-0.000404,1.000000,-31.706003,28.858433,40.915218,-59.793163,30.251385,1.595992,-2.231988,28.196918,2.821812,-3.757417,27.467421,79.967133,-61.041443,29.518011,79.276039,-59.784019,30.246235,1.617094,-2.297761,28.207346,2.869110,-3.723622,27.461397,79.976082,-61.061077,29.533539,79.117622,2.596128,20.223352,10.657442,-18.460091,28.452196,54.787815,-33.220016,35.508106,74.901291,-32.747402,35.026752,9.114622,4.380766,23.840849,43.238174,0.353875,19.515827,75.429497,-47.878216,70.897873,41.103294,-45.378040,73.463684,8.478701,-40.666500,52.061462,31.703966,-44.794525,73.429398,73.302994
1013,8.441000,-0.000353,0.000326,-0.000410,1.000000,-31.705591,28.858896,40.914406,-59.792984,30.250978,1.595315,-2.231830,28.195906,2.820835,-3.756771,27.468754,79.966187,-61.040783,29.519962,79.275391,-59.783989,30.246592,1.616641,-2.297343,28.204914,2.869359,-3.723408,27.463549,79.974350,-61.059944,29.533318,79.116257,2.588703,20.219332,10.656849,-18.462667,28.453407,54.787331,-33.233829,35.509472,74.896553,-32.744495,35.029976,9.112920,4.379828,23.839977,43.238445,0.359420,19.520056,75.429916,-47.840572,70.904427,41.096058,-45.382614,73.461060,8.472047,-40.657066,52.066769,31.709507,-44.795235,73.430832,73.306641
1014,8.449000,-0.000352,0.000339,-0.000377,1.000000,-31.705103,28.857458,40.915413,-59.793591,30.247746,1.597041,-2.232271,28.196451,2.821085,-3.755188,27.469095,79.966476,-61.039352,29.516544,79.277145,-59.784336,30.242992,1.618968,-2.297191,28.206093,2.868181,-3.721932,27.463549,79.974678,-61.059994,29.531130,79.116333,2.581836,20.216997,10.656565,-18.462858,28.451807,54.787243,-33.249386,35.510368,74.895309,-32.742935,35.031174,9.112662,4.379445,23.838776,43.238533,0.358587,19.516851,75.430885,-47.794811,70.914101,41.093697,-45.387577,73.460457,8.465106,-40.635174,52.081490,31.703823,-44.772533,73.450195,73.289177
1015,8.458000,-0.000341,0.000334,-0.000393,1.000000,-31.704718,28.857693,40.917908,-59.792782,30.249744,1.599297,-2.231544,28.196590,2.823853,-3.755230,27.467579,79.969208,-61.039318,29.516865,79.279373,-59.783821,30.244240,1.620655,-2.296820,28.207592,2.870262,-3.720919,27.461147,79.978745,-61.059814,29.533682,79.117210,2.575908,20.212112,10.657025,-18.463888,28.453299,54.786598,-33.264931,35.516121,74.894562,-32.743092,35.033543,9.110205,4.377445,23.838842,43.237408,0.365225,19.523582,75.433693,-47.729225,70.944199,41.091682,-45.389904,73.459030,8.456840,-40.624435,52.093697,31.691116,-44.780773,73.442200,73.306068
1016,8.466000,-0.000336,0.000323,-0.000405,1.000000,-31.706316,28.858307,40.917423,-59.793518,30.251444,1.598236,-2.232358,28.196850,2.823976,-3.757679,27.467113,79.969292,-61.041702,29.517830,79.278275,-59.785225,30.246767,1.619165,-2.297578,28.206385,2.871788,-3.723696,27.461491,79.978943,-61.058796,29.532093,79.116638,2.554078,20.198029,10.658879,-18.463217,28.452185,54.783295,-33.281712,35.522938,74.886147,-32.742199,35.033104,9.109115,4.378712,23.838108,43.237095,0.363296,19.522614,75.433655,-47.683445,70.970367,41.086121,-45.388462,73.461357,8.451266,-40.623878,52.104401,31.676573,-44.789455,73.439240,73.312416
1017,8.474000,-0.000319,0.000333,-0.000403,1.000000,-31.705090,28.858522,40.917511,-59.793072,30.252892,1.598927,-2.231875,28.198517,2.823469,-3.755683,27.466101,79.968788,-61.039734,29.516584,79.278969,-59.783821,30.247978,1.620424,-2.297870,28.208473,2.869358,-3.722207,27.460321,79.978653,-61.057999,29.531542,79.116997,2.548778,20.190098,10.659509,-18.463802,28.454288,54.784168,-33.295074,35.534706,74.876114,-32.742336,35.032143,9.106738,4.378912,23.838882,43.236382,0.368190,19.529373,75.433693,-47.641991,70.989151,41.081886,-45.388340,73.462852,8.444495,-40.618938,52.109718,31.670376,-44.770370,73.460594,73.295128
1018,8.483000,-0.000337,0.000332,-0.000396,1.000000,-31.705820,28.858841,40.918003,-59.793728,30.251455,1.599294,-2.232501,28.197882,2.824053,-3.756490,27.468166,79.969391,-61.040569,29.517868,79.279358,-59.784431,30.246248,1.620902,-2.297798,28.208336,2.869691,-3.723474,27.462128,79.978828,-61.058853,29.533609,79.118881,2.542181,20.190712,10.660167,-18.463758,28.454187,54.784645,-33.313416,35.544220,74.866364,-32.741570,35.036346,9.104893,4.375816,23.841782,43.236332,0.360703,19.523914,75.433144,-47.604637,71.002991,41.078442,-45.388447,73.464676,8.438020,-40.616459,52.114456,31.669283,-44.759941,73.468880,73.293121
1019,8.491000,-0.000329,0.000323,-0.000377,1.000000,-31.705454,28.858816,40.918114,-59.792728,30.250940,1.598939,-2.231443,28.199509,2.824667,-3.756752,27.468634,79.969971,-61.040890,29.516193,79.278969,-59.783768,30.245567,1.620523,-2.295345,28.210112,2.868760,-3.723423,27.462372,79.980087,-61.059315,29.532455,79.118118,2.539501,20.187149,10.660530,-18.463272,28.456985,54.786354,-33.328831,35.549461,74.861191,-32.738186,35.037155,9.104540,4.376624,23.836981,43.238335,0.362229,19.527554,75.435562,-47.573887,71.013489,41.077114,-45.386066,73.466316,8.433728,-40.609863,52.118538,31.668350,-44.761368,73.471306,73.297302
1020,8.500000,-0.000310,0.000316,-0.000392,1.000000,-31.705994,28.859592,40.916389,-59.792648,30.254051,1.596856,-2.231449,28.200876,2.823356,-3.757906,27.467087,79.968605,-61.041977,29.516359,79.276833,-59.784241,30.248716,1.617542,-2.295477,28.211445,2.868458,-3.723433,27.460709,79.979233,-61.059929,29.532402,79.117760,2.539431,20.184637,10.660931,-18.463037,28.458229,54.783840,-33.345749,35.550159,74.862251,-32.735394,35.036053,9.103821,4.375765,23.835836,43.238728,0.350206,19.518234,75.433144,-47.537033,71.030991,41.075085,-45.382988,73.467400,8.425098,-40.607140,52.122696,31.663349,-44.764488,73.474342,73.297455
1021,8.508000,-0.000339,0.000334,-0.000386,1.000000,-31.705015,28.859133,40.915646,-59.793114,30.251003,1.597056,-2.231848,28.198551,2.821574,-3.755495,27.469196,79.966927,-61.039604,29.517784,79.277130,-59.783546,30.245962,1.618480,-2.298429,28.208824,2.868774,-3.721742,27.463324,79.975784,-61.060066,29.533094,79.117317,2.540506,20.183519,10.661153,-18.463131,28.462601,54.784805,-33.359276,35.552776,74.862961,-32.729759,35.035591,9.101422,4.376208,23.834255,43.239346,0.346427,19.517981,75.430748,-47.476791,71.056976,41.071423,-45.380711,73.471832,8.421781,-40.598621,52.126408,31.661728,-44.759377,73.481003,73.296501
1022,8.516000,-0.000360,0.000273,-0.000369,1.000000,-31.709675,28.858603,40.906429,-59.792984,30.247835,1.584324,-2.231798,28.197407,2.816019,-3.764910,27.471289,79.961212,-61.049007,29.517885,79.264275,-59.787361,30.243216,1.600529,-2.298960,28.207150,2.869486,-3.722848,27.464476,79.974869,-61.059769,29.530853,79.117653,2.538844,20.183109,10.660812,-18.461435,28.464895,54.782547,-33.376060,35.557312,74.864830,-32.727547,35.038971,9.101877,4.376215,23.834711,43.239395,0.346256,19.520741,75.430832,-47.434391,71.081268,41.056366,-45.373844,73.471680,8.411394,-40.593887,52.132488,31.657101,-44.759579,73.487923,73.296860
1023,8.525000,-0.000349,0.000323,-0.000393,1.000000,-31.706032,28.858376,40.914810,-59.793221,30.249823,1.595548,-2.232006,28.196684,2.821428,-3.757414,27.468861,79.966759,-61.041485,29.518143,79.275604,-59.783195,30.244535,1.616642,-2.300431,28.207523,2.868337,-3.723301,27.462709,79.976364,-61.061787,29.534058,79.116364,2.542720,20.181768,10.660532,-18.454960,28.470791,54.776608,-33.385914,35.559650,74.866600,-32.722256,35.037685,9.102136,4.376246,23.834021,43.238670,0.339478,19.515778,75.429054,-47.394836,71.099510,41.045631,-45.368938,73.472183,8.403752,-40.587303,52.137028,31.655546,-44.753582,73.494347,73.296776
1024,8.533000,-0.000341,0.000337,-0.000397,1.000000,-31.706348,28.858215,40.916981,-59.794640,30.250540,1.598537,-2.233407,28.196844,2.822751,-3.756642,27.467827,79.968117,-61.040710,29.517654,79.278625,-59.784718,30.245289,1.620520,-2.299492,28.207434,2.867938,-3.723624,27.461784,79.977325,-61.060715,29.533594,79.117874,2.544210,20.189207,10.659726,-18.453611,28.476149,54.773933,-33.392708,35.563396,74.870026,-32.721649,35.038963,9.101562,4.375764,23.833675,43.237652,0.341563,19.519346,75.427528,-47.372009,71.107704,41.044327,-45.362629,73.475655,8.399014,-40.572445,52.143383,31.659121,-44.751854,73.501816,73.295944
1025,8.541000,-0.000354,0.000343,-0.000387,1.000000,-31.706318,28.857988,40.916573,-59.795155,30.248711,1.598462,-2.233857,28.196228,2.821976,-3.756070,27.469191,79.967377,-61.040199,29.517826,79.278587,-59.785770,30.244005,1.620307,-2.298965,28.205744,2.867364,-3.723231,27.463686,79.976692,-61.058624,29.532146,79.117645,2.549467,20.188578,10.659673,-18.452085,28.477699,54.775093,-33.393566,35.566639,74.873489,-32.724068,35.041203,9.101098,4.376578,23.833803,43.238262,0.335619,19.515457,75.426331,-47.359871,71.107742,41.051033,-45.358292,73.475838,8.393302,-40.561199,52.144527,31.664488,-44.745987,73.507973,73.294754
1026,8.550000,-0.000354,0.000351,-0.000363,1.000000,-31.705389,28.858438,40.915997,-59.794922,30.247837,1.598340,-2.233517,28.198099,2.820924,-3.754443,27.470959,79.966347,-61.038685,29.516865,79.278473,-59.785606,30.243078,1.619956,-2.299252,28.207809,2.868284,-3.721483,27.465406,79.974861,-61.057465,29.531303,79.118713,2.572024,20.206186,10.657397,-18.451756,28.479969,54.776150,-33.391060,35.571568,74.878944,-32.724937,35.038948,9.101694,4.377177,23.837778,43.236618,0.329017,19.512060,75.423126,-47.341949,71.108505,41.056816,-45.351181,73.473572,8.386554,-40.563011,52.147423,31.659618,-44.739120,73.519226,73.295738
1027,8.558000,-0.000353,0.000343,-0.000380,1.000000,-31.706440,28.859186,40.916325,-59.795261,30.249575,1.598191,-2.233937,28.197903,2.821749,-3.756207,27.470722,79.967148,-61.040359,29.518551,79.278305,-59.786850,30.245209,1.618942,-2.299489,28.206894,2.870144,-3.722529,27.465448,79.976448,-61.056923,29.531771,79.118782,2.577615,20.208832,10.657018,-18.451723,28.481585,54.777611,-33.386436,35.576248,74.880173,-32.726810,35.038448,9.102329,4.379696,23.838741,43.235298,0.325324,19.514183,75.421509,-47.333996,71.107155,41.058140,-45.342129,73.479042,8.385968,-40.559994,52.151310,31.654945,-44.734467,73.527290,73.294006
1028,8.566000,-0.000336,0.000334,-0.000352,1.000000,-31.706099,28.857840,40.918098,-59.794319,30.248032,1.599529,-2.232903,28.199505,2.824008,-3.756454,27.469576,79.969360,-61.040710,29.514254,79.279594,-59.784775,30.242550,1.621211,-2.299781,28.210651,2.871391,-3.723733,27.463303,79.978188,-61.058609,29.530794,79.118553,2.584498,20.212980,10.659604,-18.451649,28.480539,54.778278,-33.374004,35.587467,74.874153,-32.734386,35.040154,9.102329,4.381684,23.838251,43.233513,0.321194,19.516247,75.422714,-47.323586,71.111137,41.059143,-45.334877,73.478226,8.384618,-40.557644,52.154053,31.654167,-44.729519,73.532158,73.292419
1029,8.574000,-0.000357,0.000335,-0.000374,1.000000,-31.706602,28.859386,40.917416,-59.794853,30.249123,1.598856,-2.233526,28.198168,2.823287,-3.756931,27.471573,79.968666,-61.041100,29.518690,79.278961,-59.785473,30.244717,1.620185,-2.301006,28.207346,2.872304,-3.723655,27.466362,79.977226,-61.059284,29.532129,79.117943,2.589134,20.216909,10.658001,-18.453514,28.480577,54.779850,-33.357632,35.599277,74.867371,-32.741165,35.037228,9.101048,4.378258,23.846951,43.234062,0.312136,19.511000,75.423355,-47.315311,71.117149,41.057526,-45.324875,73.478081,8.386820,-40.555691,52.152931,31.654266,-44.726330,73.539230,73.293243
1030,8.583000,-0.000353,0.000324,-0.000392,1.000000,-31.707085,28.860128,40.916149,-59.794392,30.251221,1.596966,-2.233171,28.198156,2.822679,-3.758353,27.470964,79.968025,-61.042427,29.520178,79.277031,-59.785301,30.247349,1.617765,-2.300665,28.206337,2.871485,-3.724872,27.466246,79.977264,-61.059021,29.531914,79.117805,2.597398,20.221146,10.656836,-18.459385,28.469416,54.784523,-33.341877,35.606293,74.865738,-32.746498,35.031384,9.101872,4.375612,23.849873,43.238617,0.313084,19.511034,75.422737,-47.312584,71.120346,41.052246,-45.315872,73.477730,8.379840,-40.556026,52.151340,31.654907,-44.722733,73.544594,73.289886
1031,8.591000,-0.000356,0.000323,-0.000391,1.000000,-31.706593,28.860525,40.916531,-59.793831,30.251366,1.597285,-2.232605,28.198397,2.823117,-3.757930,27.471611,79.968460,-61.042011,29.520729,79.277351,-59.784920,30.247562,1.617980,-2.299763,28.206427,2.872502,-3.724098,27.466944,79.977402,-61.059509,29.532290,79.118568,2.602748,20.222075,10.657448,-18.461832,28.465717,54.789116,-33.324970,35.605297,74.868134,-32.754604,35.030384,9.099970,4.372003,23.850422,43.240734,0.313729,19.507751,75.422272,-47.315521,71.120926,41.051529,-45.308247,73.473885,8.376819,-40.552101,52.147694,31.663206,-44.713886,73.553917,73.285423
1032,8.599000,-0.000351,0.000326,-0.000391,1.000000,-31.707045,28.859907,40.916908,-59.794533,30.251064,1.597854,-2.233300,28.198162,2.823302,-3.758130,27.470678,79.968651,-61.042221,29.519732,79.277924,-59.786362,30.247467,1.618259,-2.299837,28.205835,2.874591,-3.724135,27.466187,79.977104,-61.058868,29.530752,79.118874,2.607844,20.227783,10.656761,-18.463184,28.464794,54.789330,-33.304745,35.603657,74.875244,-32.763130,35.026966,9.100722,4.373063,23.844065,43.242409,0.311367,19.500212,75.423424,-47.316708,71.120445,41.050606,-45.300072,73.469994,8.375807,-40.554356,52.144314,31.665012,-44.711769,73.556999,73.281380
1033,8.608000,-0.000338,0.000339,-0.000378,1.000000,-31.705519,28.858662,40.917351,-59.794064,30.250088,1.599056,-2.232742,28.198639,2.822965,-3.755555,27.469170,79.968330,-61.039722,29.516756,79.279144,-59.785248,30.245716,1.620450,-2.298248,28.207640,2.872003,-3.722318,27.463985,79.976418,-61.058270,29.530117,79.118866,2.612959,20.229319,10.657925,-18.462599,28.461445,54.788582,-33.279217,35.599716,74.882523,-32.773563,35.017090,9.100953,4.369586,23.847681,43.244160,0.316500,19.499647,75.424988,-47.323807,71.118248,41.048820,-45.279640,73.469635,8.377161,-40.552990,52.138721,31.664738,-44.710262,73.556885,73.281250
1034,8.616000,-0.000332,0.000331,-0.000360,1.000000,-31.705698,28.858280,40.917603,-59.793663,30.249283,1.598886,-2.232295,28.199800,2.823681,-3.756306,27.469210,79.969009,-61.040520,29.514832,79.278931,-59.784294,30.243999,1.619758,-2.299460,28.210577,2.871092,-3.722323,27.463028,79.978500,-61.059464,29.530701,79.120247,2.617939,20.228207,10.658361,-18.462547,28.459007,54.787529,-33.251862,35.597549,74.889221,-32.780914,35.012360,9.101134,4.369324,23.846300,43.246189,0.325693,19.505594,75.422920,-47.334042,71.113831,41.049633,-45.269810,73.468925,8.381782,-40.554688,52.133663,31.665981,-44.706638,73.559898,73.278519
1035,8.625000,-0.000328,0.000326,-0.000346,1.000000,-31.705969,28.858576,40.917625,-59.793533,30.249046,1.598597,-2.232113,28.201193,2.824032,-3.756985,27.470034,79.969345,-61.041252,29.514032,79.278625,-59.784245,30.243721,1.620417,-2.296666,28.211828,2.869548,-3.724753,27.463930,79.978271,-61.058670,29.530039,79.119354,2.621243,20.231352,10.654528,-18.462109,28.457747,54.788624,-33.216408,35.591743,74.898796,-32.787842,35.005207,9.101172,4.371198,23.841459,43.243401,0.326521,19.504610,75.424210,-47.347553,71.102943,41.050472,-45.258720,73.460808,8.380837,-40.559784,52.128304,31.662174,-44.697304,73.564804,73.276581
1036,8.633000,-0.000331,0.000334,-0.000341,1.000000,-31.706196,28.859497,40.916840,-59.794426,30.249462,1.598272,-2.232972,28.202251,2.822757,-3.756544,27.471458,79.968094,-61.040844,29.514822,79.278328,-59.785961,30.244291,1.619197,-2.297715,28.212675,2.871207,-3.723364,27.465427,79.976616,-61.058109,29.530287,79.120583,2.623895,20.233309,10.655403,-18.463137,28.453922,54.789864,-33.163509,35.601276,74.892975,-32.793896,35.001896,9.100378,4.374206,23.840939,43.239326,0.327938,19.506580,75.425476,-47.363113,71.095543,41.051182,-45.249866,73.455490,8.380589,-40.553417,52.121490,31.669586,-44.693169,73.567261,73.272659
1037,8.641000,-0.000341,0.000332,-0.000367,1.000000,-31.704653,28.859516,40.916946,-59.792686,30.250137,1.598260,-2.231333,28.199959,2.822977,-3.755200,27.470823,79.968323,-61.039394,29.517153,79.278328,-59.783821,30.245663,1.618782,-2.298064,28.209246,2.872762,-3.721136,27.465469,79.976784,-61.058151,29.530632,79.121529,2.626527,20.234150,10.655906,-18.464760,28.453203,54.790585,-33.120506,35.608246,74.884949,-32.800159,34.999363,9.103576,4.378814,23.839214,43.236038,0.328874,19.507652,75.426926,-47.375061,71.088684,41.049774,-45.235447,73.446999,8.373484,-40.558670,52.113998,31.671562,-44.686855,73.570808,73.273415
1038,8.650000,-0.000335,0.000337,-0.000387,1.000000,-31.705681,28.860001,40.916584,-59.793999,30.252234,1.598153,-2.232718,28.199709,2.822345,-3.755945,27.469704,79.967705,-61.040062,29.518360,79.278229,-59.786999,30.248026,1.617879,-2.297754,28.208500,2.875164,-3.720820,27.464449,79.976051,-61.056961,29.531162,79.120125,2.627047,20.234793,10.654376,-18.465010,28.450466,54.791229,-33.074287,35.622372,74.878021,-32.807652,34.994473,9.102097,4.380061,23.843721,43.231495,0.333353,19.511526,75.427750,-47.387676,71.081123,41.045704,-45.221512,73.441200,8.374387,-40.558186,52.106518,31.672955,-44.682514,73.570602,73.272087
1039,8.658000,-0.000349,0.000325,-0.000383,1.000000,-31.707031,28.859552,40.916027,-59.794445,30.250458,1.596907,-2.233181,28.198410,2.822492,-3.758189,27.470579,79.967834,-61.042309,29.518774,79.276978,-59.786613,30.245882,1.617290,-2.297666,28.207773,2.872438,-3.724838,27.465099,79.976227,-61.058044,29.532433,79.120674,2.627442,20.234650,10.656005,-18.467110,28.446051,54.789364,-33.042652,35.626881,74.874603,-32.812653,34.989471,9.102902,4.381983,23.843592,43.229660,0.333609,19.509836,75.427216,-47.398346,71.074364,41.044712,-45.210049,73.433594,8.375796,-40.559765,52.096252,31.673721,-44.682880,73.570290,73.271439
1040,8.666000,-0.000333,0.000323,-0.000373,1.000000,-31.705856,28.859732,40.914639,-59.793137,30.251289,1.595449,-2.231836,28.200413,2.821204,-3.757146,27.470108,79.966522,-61.041306,29.517122,79.275490,-59.784740,30.247080,1.615874,-2.297537,28.209141,2.870582,-3.723402,27.465004,79.975296,-61.058201,29.529772,79.118843,2.626748,20.234730,10.654441,-18.475969,28.441248,54.794586,-33.011974,35.624416,74.875679,-32.819454,34.981804,9.103664,4.382531,23.842979,43.229870,0.334963,19.510197,75.426765,-47.410370,71.069191,41.044380,-45.197166,73.428642,8.376150,-40.576077,52.091366,31.670937,-44.682758,73.568550,73.270729
1041,8.675000,-0.000321,0.000327,-0.000380,1.000000,-31.706232,28.859749,40.914352,-59.793793,30.252670,1.595411,-2.232516,28.200912,2.820673,-3.757247,27.468771,79.965981,-61.041378,29.516649,79.275444,-59.785408,30.248100,1.616105,-2.298845,28.210476,2.874337,-3.724241,27.463398,79.972282,-61.058891,29.530413,79.119034,2.625333,20.234114,10.653509,-18.469965,28.441277,54.791348,-32.979988,35.615028,74.892624,-32.826000,34.973774,9.104162,4.382006,23.844715,43.230732,0.338230,19.511997,75.426743,-47.423058,71.060143,41.043129,-45.182194,73.423943,8.379093,-40.577904,52.084923,31.670519,-44.678833,73.568550,73.268372
1042,8.683000,-0.000344,0.000329,-0.000388,1.000000,-31.705740,28.858644,40.916138,-59.793438,30.250185,1.597244,-2.232185,28.197592,2.822375,-3.756618,27.469036,79.967720,-61.040722,29.517767,79.277313,-59.784626,30.245420,1.619013,-2.297172,28.207418,2.874155,-3.724666,27.463535,79.973549,-61.058437,29.532198,79.119339,2.624327,20.236464,10.655457,-18.478472,28.435617,54.795063,-32.956844,35.601250,74.909691,-32.833366,34.968441,9.103836,4.378333,23.851385,43.232883,0.341673,19.513994,75.428947,-47.433670,71.051559,41.043678,-45.167736,73.416428,8.379714,-40.581493,52.074993,31.670773,-44.678436,73.564575,73.267021
1043,8.691000,-0.000318,0.000323,-0.000387,1.000000,-31.705709,28.859928,40.916073,-59.792931,30.253510,1.596910,-2.231690,28.200916,2.822638,-3.757066,27.468294,79.967926,-61.041164,29.517000,79.276917,-59.785740,30.248854,1.617120,-2.295570,28.210432,2.873622,-3.722902,27.462646,79.976311,-61.057369,29.531046,79.118935,2.621442,20.235327,10.654811,-18.479612,28.430180,54.797260,-32.935371,35.588394,74.921432,-32.840717,34.960815,9.104891,4.375669,23.854069,43.237862,0.343446,19.515013,75.430359,-47.441216,71.043549,41.046669,-45.147324,73.404419,8.386142,-40.582043,52.065033,31.671915,-44.677200,73.559097,73.268059
1044,8.699000,-0.000324,0.000323,-0.000374,1.000000,-31.705400,28.858572,40.917286,-59.792648,30.250914,1.598099,-2.231354,28.199831,2.823863,-3.756726,27.468172,79.969162,-61.040871,29.515379,79.278122,-59.784039,30.245754,1.619150,-2.296856,28.210363,2.873865,-3.724082,27.462196,79.976860,-61.057495,29.530815,79.120499,2.620589,20.228962,10.655842,-18.481668,28.428513,54.798119,-32.917240,35.583286,74.925125,-32.848148,34.952332,9.105359,4.372200,23.853394,43.242321,0.343114,19.514225,75.430336,-47.446327,71.035294,41.050423,-45.124836,73.397888,8.393694,-40.585423,52.057434,31.672960,-44.674583,73.557205,73.265259
1045,8.708000,-0.000318,0.000322,-0.000368,1.000000,-31.705147,28.858433,40.918159,-59.792351,30.250990,1.598948,-2.231040,28.200548,2.824771,-3.756514,27.467817,79.970055,-61.040688,29.514378,79.278961,-59.783710,30.245792,1.620151,-2.296496,28.211111,2.873718,-3.723799,27.461798,79.978394,-61.057156,29.530012,79.119453,2.617525,20.227674,10.657357,-18.483759,28.427399,54.799347,-32.890472,35.577477,74.918503,-32.852669,34.944698,9.105022,4.369805,23.850180,43.247833,0.346961,19.515404,75.431892,-47.452656,71.025864,41.053917,-45.107796,73.393875,8.403256,-40.587002,52.048420,31.673019,-44.671173,73.551338,73.263084
1046,8.716000,-0.000310,0.000337,-0.000387,1.000000,-31.704994,28.859493,40.916046,-59.793365,30.253654,1.597729,-2.232084,28.201073,2.821738,-3.755206,27.467281,79.967056,-61.039322,29.515970,79.277763,-59.785374,30.248053,1.618286,-2.295785,28.212187,2.868887,-3.720739,27.460649,79.976639,-61.057705,29.532808,79.119347,2.614091,20.227976,10.656273,-18.483486,28.425005,54.797668,-32.878502,35.575623,74.915955,-32.855373,34.934052,9.103271,4.367624,23.850527,43.250343,0.346650,19.514423,75.428406,-47.478966,71.003830,41.053917,-45.092316,73.388008,8.401063,-40.585644,52.038746,31.672972,-44.672142,73.542587,73.264099
1047,8.724000,-0.000305,0.000336,-0.000384,1.000000,-31.704689,28.857773,40.916164,-59.792946,30.252192,1.597780,-2.231669,28.199976,2.821934,-3.755006,27.465311,79.967239,-61.039131,29.513624,79.277802,-59.784786,30.246607,1.618491,-2.296125,28.211121,2.869450,-3.720491,27.458715,79.976807,-61.057808,29.530514,79.117737,2.613201,20.227211,10.656050,-18.483690,28.423838,54.798836,-32.871311,35.572292,74.912415,-32.854454,34.894726,9.119569,4.367214,23.849445,43.251690,0.346908,19.515131,75.426750,-47.490520,70.987839,41.056240,-45.079067,73.378174,8.399819,-40.583973,52.029411,31.673857,-44.672379,73.538223,73.263046
1048,8.733000,-0.000313,0.000323,-0.000394,1.000000,-31.704498,28.857883,40.916828,-59.791702,30.252188,1.597679,-2.230489,28.198805,2.823380,-3.755865,27.465530,79.968666,-61.039936,29.515017,79.277679,-59.782990,30.246782,1.618660,-2.295749,28.209677,2.870813,-3.722081,27.459209,79.977890,-61.058342,29.531311,79.118248,2.608819,20.229010,10.656549,-18.483707,28.419744,54.799812,-32.867016,35.564362,74.908813,-32.859039,34.874954,9.131821,4.367426,23.848400,43.250957,0.342400,19.512310,75.427162,-47.508945,70.969666,41.061176,-45.060181,73.374741,8.403403,-40.581467,52.017754,31.673246,-44.673302,73.531570,73.257622
1049,8.741000,-0.000301,0.000313,-0.000395,1.000000,-31.705246,28.858644,40.916294,-59.791695,30.253973,1.596653,-2.230519,28.200480,2.823389,-3.757360,27.465271,79.968620,-61.041405,29.514854,79.276611,-59.784203,30.248901,1.616974,-2.293964,28.210644,2.871047,-3.722709,27.459114,79.978523,-61.058235,29.530167,79.117653,2.606128,20.223045,10.657200,-18.484058,28.420177,54.800434,-32.871971,35.554363,74.906830,-32.861305,34.866211,9.131073,4.369150,23.846874,43.250744,0.337921,19.508728,75.426949,-47.522556,70.953918,41.064117,-45.044041,73.372208,8.409008,-40.578484,52.009834,31.673822,-44.680298,73.519699,73.252983
1050,8.750000,-0.000322,0.000314,-0.000383,1.000000,-31.705498,28.858221,40.916595,-59.792000,30.251255,1.596901,-2.230769,28.199106,2.823710,-3.757563,27.467129,79.968979,-61.041664,29.515398,79.276894,-59.783691,30.246099,1.618152,-2.294471,28.209417,2.870793,-3.724514,27.461096,79.977928,-61.058712,29.530981,79.117104,2.605986,20.223778,10.659560,-18.486195,28.420008,54.798615,-32.878082,35.543087,74.905792,-32.843090,34.853443,9.117695,4.370314,23.844082,43.249825,0.338873,19.511957,75.427231,-47.539371,70.938278,41.064816,-45.029400,73.362335,8.413025,-40.566555,51.996410,31.684435,-44.687645,73.508614,73.250946
1051,8.758000,-0.000329,0.000322,-0.000389,1.000000,-31.705252,28.859577,40.914368,-59.792389,30.252350,1.595119,-2.231160,28.199577,2.821004,-3.756690,27.468744,79.966309,-61.040775,29.517641,79.275146,-59.784370,30.247263,1.616152,-2.294747,28.209835,2.870685,-3.723447,27.462799,79.973892,-61.058956,29.533010,79.117157,2.603426,20.222645,10.658410,-18.485083,28.420105,54.797733,-32.891579,35.531624,74.902611,-32.836536,34.839649,9.113971,4.371452,23.839878,43.246658,0.326000,19.502232,75.426308,-47.552341,70.921471,41.063850,-45.017139,73.363266,8.419926,-40.569134,51.984848,31.679131,-44.704811,73.491631,73.247383
1052,8.766000,-0.000326,0.000333,-0.000373,1.000000,-31.703651,28.860239,40.914352,-59.791721,30.252377,1.595747,-2.230403,28.201395,2.820319,-3.754157,27.470039,79.965652,-61.038326,29.517151,79.275803,-59.783478,30.247337,1.616829,-2.294271,28.211521,2.869227,-3.719981,27.464108,79.973640,-61.058975,29.532501,79.116760,2.601263,20.220821,10.657568,-18.486374,28.417530,54.795563,-32.905102,35.519550,74.901398,-32.835835,34.826756,9.112226,4.372422,23.839746,43.243565,0.321599,19.500956,75.424484,-47.569565,70.903053,41.062214,-45.012920,73.354683,8.418921,-40.556499,51.977219,31.683561,-44.709183,73.482071,73.244659
1053,8.775000,-0.000348,0.000344,-0.000368,1.000000,-31.704136,28.861034,40.914074,-59.793091,30.251163,1.596031,-2.231729,28.200829,2.819413,-3.753763,27.472830,79.964813,-61.037971,29.519320,79.276146,-59.784203,30.247128,1.617741,-2.296479,28.209179,2.869386,-3.720615,27.468023,79.971611,-61.058414,29.531797,79.116676,2.601943,20.220072,10.656263,-18.487003,28.419643,54.794701,-32.919140,35.509953,74.901672,-32.836838,34.809772,9.110716,4.374835,23.839327,43.240910,0.315025,19.496828,75.425209,-47.592640,70.888123,41.061455,-45.002697,73.349480,8.420742,-40.547707,51.968330,31.684361,-44.751457,73.443459,73.268471
1054,8.783000,-0.000360,0.000339,-0.000385,1.000000,-31.705301,28.861090,40.914303,-59.793831,30.251213,1.595950,-2.232537,28.198948,2.819946,-3.755358,27.472889,79.965340,-61.039482,29.521317,79.276070,-59.785534,30.247328,1.616543,-2.298706,28.207129,2.871413,-3.720762,27.468105,79.973236,-61.059143,29.533297,79.116791,2.601552,20.220610,10.657915,-18.486128,28.416786,54.797745,-32.933910,35.497265,74.897972,-32.841034,34.785866,9.105774,4.376007,23.840784,43.236889,0.316786,19.505661,75.420326,-47.612293,70.875542,41.060448,-44.995609,73.344505,8.424657,-40.538544,51.959316,31.684456,-44.761772,73.431938,73.266235
1055,8.791000,-0.000330,0.000343,-0.000394,1.000000,-31.704962,28.859886,40.916061,-59.793747,30.252882,1.597995,-2.232486,28.199518,2.821451,-3.754756,27.468834,79.966820,-61.038853,29.518322,79.278076,-59.785210,30.247984,1.619416,-2.297561,28.209517,2.871393,-3.720914,27.463078,79.974442,-61.059292,29.533407,79.116722,2.600285,20.220142,10.656569,-18.488483,28.413248,54.800053,-32.949066,35.488144,74.895370,-32.839535,34.771683,9.103139,4.378621,23.839806,43.235413,0.308437,19.500051,75.423256,-47.638008,70.860931,41.058426,-44.988323,73.332962,8.422024,-40.532120,51.953465,31.684286,-44.764217,73.425621,73.262428
1056,8.800000,-0.000352,0.000342,-0.000393,1.000000,-31.704510,28.858194,40.915154,-59.793259,30.249416,1.597002,-2.231991,28.196291,2.820602,-3.754348,27.468903,79.966003,-61.038445,29.518171,79.277107,-59.784477,30.244884,1.618766,-2.296955,28.205618,2.871028,-3.721348,27.463585,79.972801,-61.058212,29.532158,79.116257,2.600988,20.222084,10.655349,-18.488846,28.413382,54.801689,-32.968742,35.472488,74.891159,-32.836964,34.757698,9.101243,4.379325,23.842047,43.235527,0.311088,19.502253,75.421265,-47.668552,70.843155,41.058109,-44.986683,73.322884,8.421041,-40.525150,51.944263,31.685724,-44.778870,73.392960,73.253647
1057,8.808000,-0.000351,0.000340,-0.000411,1.000000,-31.703880,28.858524,40.915890,-59.792423,30.250853,1.597625,-2.231234,28.195583,2.821457,-3.753924,27.468130,79.966850,-61.037945,29.519535,79.277733,-59.783459,30.245939,1.618568,-2.298492,28.205738,2.871785,-3.719305,27.462318,79.975136,-61.058815,29.534575,79.116783,2.604272,20.224113,10.654031,-18.488657,28.415623,54.798435,-32.987839,35.465191,74.888733,-32.834347,34.742882,9.101982,4.379342,23.844166,43.236259,0.318905,19.508057,75.419907,-47.703072,70.822121,41.055725,-44.984364,73.312828,8.421096,-40.517944,51.937439,31.687801,-44.751305,73.395882,73.218987
1058,8.816000,-0.000340,0.000331,-0.000394,1.000000,-31.704802,28.858852,40.915977,-59.792603,30.251112,1.597187,-2.231377,28.197744,2.822116,-3.755575,27.468529,79.967461,-61.039650,29.518028,79.277252,-59.783958,30.246035,1.618227,-2.297240,28.208107,2.871549,-3.721482,27.462563,79.975853,-61.059261,29.533493,79.116798,2.604650,20.227015,10.654947,-18.487797,28.413397,54.797428,-33.004261,35.454895,74.886581,-32.827450,34.730293,9.102093,4.379252,23.844294,43.236721,0.316471,19.502094,75.420914,-47.743362,70.795357,41.050171,-44.985809,73.305878,8.421716,-40.513653,51.928520,31.685719,-44.780853,73.376762,73.231575
1059,8.824000,-0.000335,0.000336,-0.000387,1.000000,-31.704250,28.859121,40.915428,-59.792465,30.251318,1.596928,-2.231193,28.198814,2.821267,-3.754616,27.468861,79.966614,-61.038734,29.517496,79.277000,-59.783577,30.246445,1.618382,-2.295840,28.208654,2.869042,-3.720500,27.463127,79.974876,-61.060394,29.532444,79.116898,2.607114,20.222630,10.658818,-18.487631,28.410980,54.799557,-33.020859,35.445171,74.887085,-32.819984,34.718121,9.101645,4.376931,23.850031,43.236721,0.314763,19.500647,75.419075,-47.788349,70.772079,41.048096,-44.987617,73.298882,8.423471,-40.507885,51.913143,31.682739,-44.781155,73.364609,73.209969
1060,8.833000,-0.000335,0.000338,-0.000375,1.000000,-31.703695,28.859493,40.915192,-59.792114,30.251009,1.596814,-2.230787,28.199902,2.820900,-3.753853,27.469912,79.966263,-61.038017,29.517157,79.276886,-59.782349,30.245968,1.619800,-2.295123,28.210035,2.867642,-3.721536,27.464157,79.973404,-61.059361,29.532740,79.114380,2.609643,20.223173,10.659025,-18.488806,28.410105,54.799973,-33.041637,35.435505,74.884537,-32.811329,34.703411,9.101269,4.374205,23.855724,43.239220,0.316945,19.502256,75.419685,-47.832062,70.741013,41.038517,-44.991474,73.286751,8.423319,-40.506943,51.902050,31.682528,-44.793072,73.350540,73.195503
1061,8.841000,-0.000328,0.000333,-0.000398,1.000000,-31.704163,28.859800,40.915401,-59.792114,30.253151,1.596752,-2.230895,28.199396,2.821407,-3.754792,27.468391,79.966736,-61.038857,29.518267,79.276810,-59.783768,30.247826,1.618055,-2.294947,28.210051,2.869576,-3.720297,27.462137,79.975243,-61.060059,29.534653,79.115036,2.611580,20.225412,10.658362,-18.489504,28.414349,54.798973,-33.068142,35.433353,74.870857,-32.807358,34.690208,9.100462,4.376114,23.848635,43.241417,0.311450,19.495438,75.424728,-47.868748,70.720360,41.027512,-44.997826,73.274025,8.421920,-40.501709,51.892326,31.680328,-44.814457,73.327744,73.187294
1062,8.849000,-0.000341,0.000332,-0.000382,1.000000,-31.704393,28.859842,40.915222,-59.792362,30.251312,1.596528,-2.231082,28.199381,2.821261,-3.754997,27.470306,79.966614,-61.039127,29.518375,79.276596,-59.782940,30.247047,1.619127,-2.296102,28.208143,2.869661,-3.722420,27.465305,79.973724,-61.059422,29.531652,79.113457,2.611541,20.227844,10.658918,-18.489773,28.414206,54.797108,-33.088379,35.434704,74.856422,-32.797482,34.676750,9.101274,4.372007,23.854240,43.243271,0.312109,19.494305,75.422531,-47.909969,70.700546,41.010784,-45.004124,73.261887,8.417918,-40.499191,51.879299,31.674278,-44.827881,73.315201,73.178474
1063,8.858000,-0.000340,0.000336,-0.000358,1.000000,-31.704998,28.859510,40.914543,-59.793343,30.249685,1.596060,-2.231946,28.200514,2.820358,-3.755236,27.471266,79.965714,-61.039471,29.516586,79.276131,-59.784611,30.244768,1.618214,-2.295861,28.210512,2.870338,-3.722306,27.465570,79.972092,-61.060524,29.531822,79.114853,2.615360,20.231663,10.657207,-18.491537,28.411663,54.795826,-33.115768,35.420956,74.851723,-32.792187,34.662998,9.100950,4.372382,23.855492,43.245514,0.317121,19.502541,75.419945,-47.957321,70.674500,40.997932,-45.015598,73.251045,8.417812,-40.501404,51.868809,31.669920,-44.844215,73.298935,73.171318
1064,8.866000,-0.000341,0.000340,-0.000379,1.000000,-31.704012,28.859463,40.914188,-59.792603,30.250776,1.595926,-2.231288,28.199165,2.819765,-3.753996,27.470085,79.965141,-61.038147,29.517832,79.276016,-59.783978,30.246132,1.617545,-2.296523,28.208712,2.870742,-3.720159,27.464622,79.972054,-61.059509,29.532272,79.113815,2.617411,20.231047,10.656299,-18.488651,28.408892,54.798592,-33.133186,35.410339,74.855850,-32.787075,34.653168,9.100800,4.374582,23.851812,43.245037,0.317008,19.503729,75.422592,-47.988823,70.652901,40.991188,-45.025761,73.241776,8.416692,-40.504818,51.861656,31.668524,-44.863117,73.283562,73.162392
1065,8.875000,-0.000346,0.000343,-0.000402,1.000000,-31.704231,28.858932,40.915150,-59.792984,30.251173,1.597035,-2.231762,28.196913,2.820563,-3.754056,27.468630,79.965958,-61.038124,29.519024,79.277145,-59.783459,30.246185,1.619722,-2.297241,28.207108,2.870472,-3.721262,27.462912,79.972183,-61.060089,29.534527,79.113983,2.620013,20.233128,10.655951,-18.489651,28.409334,54.800816,-33.150871,35.393982,74.862465,-32.781021,34.642899,9.097010,4.378014,23.848373,43.241875,0.316186,19.505711,75.420204,-48.029285,70.629448,40.986622,-45.039288,73.226021,8.409439,-40.509212,51.848804,31.666332,-44.881451,73.266907,73.153198
1066,8.883000,-0.000351,0.000338,-0.000405,1.000000,-31.704372,28.858868,40.915047,-59.792740,30.250809,1.596639,-2.231535,28.196283,2.820754,-3.754589,27.468861,79.966141,-61.038635,29.519522,79.276741,-59.783489,30.246464,1.618241,-2.298419,28.205362,2.872172,-3.720659,27.463722,79.972908,-61.060757,29.532990,79.115746,2.622134,20.230989,10.655704,-18.490974,28.411118,54.801876,-33.181034,35.376049,74.869118,-32.780334,34.624882,9.094284,4.377330,23.857040,43.242233,0.323339,19.511271,75.424545,-48.055099,70.609734,40.984447,-45.052711,73.210060,8.405237,-40.515892,51.836426,31.665239,-44.890900,73.256737,73.146881
1067,8.891000,-0.000340,0.000343,-0.000388,1.000000,-31.703138,28.859373,40.916286,-59.791958,30.251240,1.598209,-2.230674,28.198647,2.821678,-3.752899,27.469440,79.967056,-61.037022,29.518171,79.278305,-59.782845,30.246376,1.620079,-2.296842,28.208660,2.872143,-3.718612,27.463755,79.974159,-61.060410,29.533386,79.114792,2.624127,20.233198,10.655293,-18.491758,28.410366,54.801029,-33.195541,35.363449,74.876549,-32.776810,34.613262,9.095407,4.378377,23.857971,43.243271,0.331444,19.514984,75.422623,-48.077805,70.592583,40.981071,-45.065350,73.196487,8.398450,-40.522339,51.824146,31.663946,-44.899620,73.246948,73.142349
1068,8.900000,-0.000339,0.000338,-0.000373,1.000000,-31.703636,28.858826,40.917080,-59.792053,30.249935,1.598686,-2.230722,28.199047,2.822802,-3.753796,27.469650,79.968170,-61.037983,29.516680,79.278770,-59.782845,30.244902,1.620837,-2.295568,28.209194,2.870132,-3.720161,27.463806,79.976250,-61.059963,29.532310,79.115334,2.624914,20.233889,10.654373,-18.489592,28.408585,54.801540,-33.214222,35.351017,74.877632,-32.783936,34.609352,9.101481,4.376746,23.858852,43.243793,0.334876,19.513235,75.425117,-48.095901,70.577728,40.976006,-45.078789,73.180824,8.390801,-40.531551,51.805454,31.655785,-44.915245,73.234543,73.137871
1069,8.908000,-0.000354,0.000334,-0.000375,1.000000,-31.704470,28.858152,40.915962,-59.792614,30.248188,1.597333,-2.231294,28.197054,2.821910,-3.754911,27.470037,79.967285,-61.039066,29.517332,79.277428,-59.782867,30.243546,1.619348,-2.297772,28.206596,2.869844,-3.721996,27.464638,79.975197,-61.059189,29.531565,79.116226,2.626044,20.232491,10.655358,-18.490028,28.408966,54.802162,-33.230125,35.345673,74.879089,-32.786339,34.599133,9.104826,4.374848,23.857132,43.245865,0.337983,19.511009,75.426949,-48.105148,70.565720,40.969528,-45.089878,73.167946,8.381880,-40.539238,51.795448,31.648430,-44.925041,73.224510,73.133820
1070,8.916000,-0.000350,0.000339,-0.000374,1.000000,-31.703476,28.858053,40.916367,-59.792007,30.248367,1.598024,-2.230674,28.197342,2.822015,-3.753525,27.469666,79.967400,-61.037697,29.516846,79.278122,-59.781879,30.243647,1.621067,-2.295911,28.206915,2.868899,-3.721234,27.464262,79.974533,-61.059059,29.531384,79.116127,2.625359,20.232382,10.655193,-18.491657,28.410831,54.801357,-33.247231,35.339783,74.878159,-32.786716,34.592407,9.104020,4.371626,23.857378,43.247337,0.339739,19.509672,75.427505,-48.110336,70.555733,40.964985,-45.099220,73.159691,8.377753,-40.570133,51.778305,31.649473,-44.939201,73.214981,73.130074
1071,8.925000,-0.000341,0.000344,-0.000364,1.000000,-31.703487,28.858561,40.915527,-59.792458,30.248960,1.597503,-2.231073,28.199137,2.820858,-3.753102,27.470089,79.966248,-61.037327,29.516066,79.277596,-59.783215,30.243761,1.619706,-2.295563,28.209621,2.868546,-3.720113,27.464109,79.973732,-61.058468,29.532068,79.116287,2.625407,20.231562,10.657469,-18.491585,28.409954,54.797276,-33.266388,35.337715,74.870804,-32.786663,34.583084,9.096396,4.370629,23.853848,43.249001,0.335989,19.504200,75.427856,-48.115700,70.539505,40.952923,-45.107227,73.148140,8.371627,-40.591805,51.763355,31.644741,-44.953529,73.206108,73.128937
1072,8.933000,-0.000317,0.000331,-0.000371,1.000000,-31.705904,28.859520,40.914612,-59.793793,30.252272,1.595905,-2.232471,28.201521,2.820700,-3.756583,27.468712,79.966011,-61.040760,29.515583,79.275932,-59.785801,30.247616,1.616920,-2.296446,28.210995,2.870570,-3.722990,27.463182,79.973816,-61.059158,29.529793,79.116646,2.623731,20.231339,10.657016,-18.492222,28.411011,54.797318,-33.281929,35.341263,74.863625,-32.784176,34.577663,9.093434,4.369168,23.854668,43.250568,0.336662,19.505198,75.424706,-48.116989,70.532356,40.946976,-45.115841,73.140167,8.365797,-40.606846,51.752697,31.637997,-44.970112,73.195961,73.124771
1073,8.941000,-0.000347,0.000334,-0.000364,1.000000,-31.704924,28.859489,40.915207,-59.793068,30.249516,1.596576,-2.231705,28.199625,2.821162,-3.755358,27.471390,79.966522,-61.039566,29.517437,79.276657,-59.783291,30.244911,1.619024,-2.297190,28.209063,2.869692,-3.722831,27.466068,79.973289,-61.060516,29.531586,79.116455,2.621505,20.230385,10.657352,-18.490513,28.410717,54.797089,-33.299099,35.345627,74.853477,-32.786156,34.570915,9.090688,4.370675,23.850080,43.249832,0.334719,19.505112,75.425888,-48.112820,70.530663,40.944687,-45.124298,73.130440,8.360132,-40.619862,51.746559,31.633198,-44.980621,73.182419,73.123230
1074,8.949000,-0.000360,0.000339,-0.000366,1.000000,-31.704967,28.860405,40.913982,-59.793545,30.249491,1.595625,-2.232173,28.199465,2.819631,-3.754976,27.473238,79.965027,-61.039185,29.519432,79.275742,-59.783955,30.245575,1.617222,-2.299519,28.207747,2.870426,-3.721575,27.468565,79.971954,-61.060097,29.531517,79.116302,2.617836,20.229233,10.658039,-18.489733,28.407866,54.799389,-33.325039,35.346066,74.849030,-32.788078,34.564171,9.090190,4.368051,23.856361,43.249130,0.333702,19.506769,75.426613,-48.103115,70.529236,40.939152,-45.130856,73.120872,8.351096,-40.634640,51.742302,31.625179,-44.989750,73.178818,73.122635
1075,8.958000,-0.000356,0.000341,-0.000376,1.000000,-31.704962,28.859299,40.914364,-59.793663,30.249262,1.596132,-2.232328,28.198036,2.819893,-3.754845,27.471262,79.965294,-61.039013,29.518646,79.276245,-59.784401,30.245453,1.617771,-2.299628,28.206142,2.872524,-3.721594,27.466700,79.971512,-61.059425,29.530472,79.115616,2.616357,20.226910,10.659908,-18.491188,28.407856,54.799797,-33.347042,35.341827,74.848083,-32.790726,34.559059,9.088317,4.367163,23.858543,43.250126,0.337770,19.514067,75.427071,-48.087181,70.528564,40.934944,-45.141060,73.110794,8.343516,-40.648716,51.734978,31.614456,-45.001472,73.170799,73.120430
1076,8.966000,-0.000339,0.000325,-0.000384,1.000000,-31.705242,28.858879,40.914047,-59.792603,30.250639,1.594919,-2.231348,28.198454,2.820537,-3.756458,27.469053,79.965858,-61.040569,29.517376,79.274971,-59.783279,30.246359,1.615975,-2.298303,28.207361,2.869434,-3.722693,27.463945,79.974274,-61.060135,29.530378,79.116676,2.611722,20.222126,10.660947,-18.490547,28.408968,54.798096,-33.375893,35.334198,74.853645,-32.793140,34.553558,9.085719,4.369606,23.852423,43.249470,0.337453,19.514803,75.428589,-48.068264,70.531204,40.926941,-45.149433,73.102165,8.333750,-40.663280,51.725624,31.597719,-45.005611,73.165359,73.119026
1077,8.974000,-0.000331,0.000335,-0.000385,1.000000,-31.704235,28.858614,40.915081,-59.792435,30.251080,1.596579,-2.231157,28.198767,2.820927,-3.754613,27.468088,79.966270,-61.038734,29.516527,79.276642,-59.782486,30.246098,1.618597,-2.297520,28.208923,2.868114,-3.721575,27.462349,79.974266,-61.059795,29.531717,79.116783,2.607063,20.220589,10.661917,-18.491426,28.410179,54.796623,-33.399731,35.329636,74.854019,-32.797867,34.548206,9.083295,4.370088,23.854694,43.248703,0.333897,19.510265,75.428093,-48.041553,70.534874,40.919842,-45.159790,73.089424,8.323171,-40.675785,51.719963,31.588942,-45.009350,73.163483,73.119553
1078,8.983000,-0.000346,0.000337,-0.000369,1.000000,-31.704172,28.858257,40.916019,-59.792519,30.248615,1.597551,-2.231175,28.198215,2.821812,-3.754404,27.469826,79.967178,-61.038601,29.516378,79.277634,-59.782146,30.243689,1.620323,-2.297048,28.208220,2.868122,-3.722366,27.464214,79.974678,-61.059059,29.531380,79.117516,2.599683,20.218935,10.658245,-18.492538,28.412643,54.794247,-33.430298,35.321110,74.850502,-32.803211,34.543274,9.080509,4.370775,23.855995,43.246597,0.335436,19.511049,75.425629,-47.998020,70.545425,40.907963,-45.172451,73.077507,8.312262,-40.686497,51.712185,31.583687,-45.017551,73.156860,73.121552
1079,8.991000,-0.000367,0.000341,-0.000357,1.000000,-31.703754,28.859945,40.915783,-59.792496,30.247969,1.597515,-2.231085,28.199001,2.821332,-3.753593,27.473837,79.966751,-61.037838,29.518986,79.277649,-59.781796,30.243671,1.620587,-2.296895,28.207773,2.866836,-3.721495,27.468884,79.974289,-61.059250,29.532125,79.117561,2.595835,20.216969,10.658787,-18.491234,28.412924,54.794556,-33.450634,35.321922,74.849167,-32.809181,34.538754,9.079086,4.372855,23.854813,43.243729,0.337370,19.513498,75.425323,-47.965946,70.552048,40.898193,-45.183109,73.066269,8.303049,-40.699829,51.705360,31.577740,-45.018711,73.153755,73.122238
1080,9.000000,-0.000361,0.000344,-0.000357,1.000000,-31.704634,28.859627,40.916397,-59.793568,30.248102,1.598278,-2.232149,28.199144,2.821791,-3.754282,27.473068,79.967201,-61.038536,29.518200,79.278404,-59.784065,30.244394,1.620648,-2.297356,28.206848,2.868703,-3.721718,27.468628,79.975319,-61.057899,29.529757,79.115677,2.591907,20.212320,10.660728,-18.489826,28.411213,54.798283,-33.474480,35.326340,74.846909,-32.814999,34.533939,9.078184,4.378015,23.849991,43.238785,0.336758,19.514845,75.427483,-47.930752,70.559395,40.896370,-45.195934,73.050713,8.286930,-40.711460,51.698345,31.571081,-45.039410,73.136505,73.123238
1081,9.008000,-0.000373,0.000346,-0.000368,1.000000,-31.704468,28.859568,40.916679,-59.793556,30.247778,1.598662,-2.232179,28.197517,2.821955,-3.753963,27.473270,79.967392,-61.038174,29.519711,79.278816,-59.783680,30.243958,1.620614,-2.298961,28.205500,2.868716,-3.720436,27.468676,79.976166,-61.059093,29.531578,79.116783,2.588651,20.207521,10.664507,-18.489813,28.410793,54.796589,-33.493961,35.328831,74.843658,-32.823734,34.534298,9.077768,4.378489,23.855127,43.236958,0.335271,19.519043,75.427010,-47.885525,70.568085,40.905178,-45.208572,73.040199,8.278770,-40.723083,51.691811,31.567734,-45.034645,73.143517,73.132431
1082,9.016000,-0.000367,0.000343,-0.000365,1.000000,-31.703741,28.860092,40.916733,-59.792625,30.248524,1.598576,-2.231243,28.198660,2.822155,-3.753442,27.473576,79.967583,-61.037655,29.519617,79.278717,-59.782326,30.243965,1.620782,-2.298975,28.208138,2.870126,-3.720572,27.468290,79.975380,-61.058514,29.533592,79.117622,2.583026,20.207586,10.662515,-18.490337,28.413973,54.794365,-33.522026,35.331867,74.850769,-32.832008,34.531849,9.077135,4.377789,23.857733,43.237110,0.322762,19.508821,75.425972,-47.846123,70.580460,40.903236,-45.227505,73.026375,8.271260,-40.733952,51.688904,31.563738,-45.050915,73.131523,73.132889
1083,9.025000,-0.000345,0.000347,-0.000378,1.000000,-31.703934,28.859621,40.913761,-59.793083,30.250555,1.595882,-2.231747,28.199142,2.818930,-3.753367,27.470619,79.964325,-61.037540,29.518179,79.276001,-59.783554,30.246183,1.617629,-2.298401,28.208256,2.869326,-3.720160,27.465490,79.971123,-61.058594,29.531616,79.116592,2.558846,20.191368,10.662482,-18.489624,28.416380,54.792679,-33.545475,35.323826,74.860855,-32.839161,34.529690,9.075538,4.377167,23.856895,43.238537,0.323690,19.509083,75.424805,-47.794132,70.595688,40.907337,-45.245369,73.008965,8.256927,-40.746490,51.687210,31.561199,-45.039894,73.141792,73.138626
1084,9.033000,-0.000355,0.000351,-0.000384,1.000000,-31.704670,28.858089,40.914337,-59.794140,30.248558,1.596674,-2.232811,28.196421,2.819270,-3.753793,27.469549,79.964699,-61.037941,29.517838,79.276810,-59.783630,30.244061,1.619531,-2.300545,28.205744,2.870383,-3.721066,27.464405,79.970375,-61.060059,29.531530,79.116646,2.574360,20.201067,10.663336,-18.490427,28.414753,54.795856,-33.564594,35.318600,74.864082,-32.844978,34.526730,9.072592,4.377525,23.852680,43.237507,0.325869,19.509275,75.424438,-47.739311,70.615547,40.902012,-45.257305,72.998238,8.249450,-40.755184,51.683338,31.558052,-45.078133,73.130394,73.163208
1085,9.041000,-0.000343,0.000354,-0.000382,1.000000,-31.704754,28.858027,40.914268,-59.794472,30.249332,1.596814,-2.233136,28.197422,2.818996,-3.753620,27.468651,79.964424,-61.037781,29.516706,79.276947,-59.785099,30.244684,1.618447,-2.300473,28.207155,2.871436,-3.719949,27.463224,79.970619,-61.059780,29.531034,79.116890,2.556725,20.191076,10.661992,-18.491034,28.413809,54.794228,-33.577030,35.314903,74.867615,-32.849945,34.524746,9.072516,4.376223,23.856003,43.236984,0.326970,19.510464,75.424805,-47.692646,70.628342,40.900475,-45.269947,72.990585,8.240873,-40.765079,51.681499,31.553143,-45.088631,73.127518,73.170815
1086,9.050000,-0.000325,0.000347,-0.000362,1.000000,-31.704819,28.859249,40.913643,-59.794044,30.250845,1.595843,-2.232638,28.201183,2.818766,-3.754178,27.469587,79.964134,-61.038418,29.515385,79.275925,-59.784092,30.245893,1.618917,-2.297500,28.211140,2.868097,-3.722266,27.464005,79.969879,-61.058773,29.530256,79.117409,2.555402,20.190508,10.663663,-18.490513,28.417345,54.792278,-33.586754,35.309792,74.871376,-32.856647,34.523991,9.068890,4.374880,23.859018,43.240173,0.326996,19.513134,75.425018,-47.642220,70.645523,40.898983,-45.286076,72.977661,8.224578,-40.771767,51.677174,31.551313,-45.091377,73.128571,73.174088
1087,9.058000,-0.000329,0.000351,-0.000376,1.000000,-31.704515,28.858393,40.914829,-59.794010,30.250469,1.597238,-2.232644,28.199207,2.819729,-3.753617,27.468256,79.965118,-61.037792,29.515648,79.277336,-59.783859,30.245316,1.620145,-2.298383,28.209627,2.868535,-3.721520,27.462450,79.971405,-61.058510,29.531250,79.117485,2.554821,20.192308,10.662519,-18.491131,28.418556,54.793579,-33.600960,35.302814,74.878433,-32.892574,34.509987,9.070127,4.373831,23.857294,43.241493,0.328489,19.513569,75.426636,-47.592709,70.646004,40.899956,-45.299438,72.973381,8.215477,-40.777515,51.675957,31.547897,-45.085464,73.127625,73.176399
1088,9.066000,-0.000341,0.000348,-0.000396,1.000000,-31.705067,28.857639,40.915340,-59.794224,30.249849,1.597515,-2.232963,28.196320,2.820459,-3.754491,27.467367,79.965866,-61.038589,29.517027,79.277626,-59.784977,30.245390,1.618808,-2.299079,28.205500,2.869038,-3.720721,27.462086,79.974052,-61.058933,29.530611,79.118790,2.556011,20.191174,10.662119,-18.489807,28.417248,54.794907,-33.604576,35.295029,74.888405,-32.894188,34.495987,9.090919,4.372852,23.855320,43.241901,0.329848,19.512114,75.426201,-47.556522,70.651863,40.900375,-45.308311,72.966385,8.204664,-40.778805,51.675545,31.545734,-45.086414,73.126945,73.179787
1089,9.074000,-0.000319,0.000347,-0.000385,1.000000,-31.704765,28.857405,40.916775,-59.793877,30.250809,1.598960,-2.232575,28.198418,2.821916,-3.754237,27.465946,79.967285,-61.038376,29.514450,79.279030,-59.783333,30.245384,1.622342,-2.298800,28.209288,2.869563,-3.722323,27.459898,79.974136,-61.058395,29.530746,79.117928,2.560013,20.192051,10.663676,-18.488342,28.413572,54.797256,-33.607704,35.290588,74.896660,-32.906200,34.501442,9.083269,4.372825,23.855795,43.242607,0.337351,19.515360,75.427162,-47.520943,70.661705,40.900768,-45.315201,72.961082,8.200966,-40.782692,51.674946,31.544504,-45.082619,73.130493,73.181427
1090,9.083000,-0.000323,0.000338,-0.000354,1.000000,-31.704426,28.856171,40.917950,-59.792961,30.247475,1.599655,-2.231550,28.198723,2.823600,-3.754467,27.466801,79.968941,-61.038719,29.511690,79.279709,-59.782173,30.241758,1.623512,-2.297209,28.210020,2.870008,-3.722951,27.460501,79.975838,-61.058784,29.528814,79.118118,2.579381,20.206978,10.663846,-18.489145,28.416416,54.798008,-33.607464,35.285183,74.898705,-32.908363,34.506874,9.075669,4.372268,23.856056,43.243538,0.338435,19.512875,75.425163,-47.475010,70.680138,40.897182,-45.317371,72.955826,8.197612,-40.779079,51.676773,31.540489,-45.084137,73.131218,73.185791
1091,9.091000,-0.000340,0.000337,-0.000375,1.000000,-31.704071,28.857851,40.917061,-59.792404,30.248997,1.598611,-2.231085,28.197838,2.822837,-3.754315,27.468637,79.968201,-61.038483,29.515940,79.278687,-59.783089,30.244095,1.620739,-2.296061,28.207790,2.871659,-3.721251,27.462969,79.975220,-61.059780,29.531029,79.117889,2.582929,20.207212,10.661841,-18.489265,28.416061,54.796322,-33.597534,35.292164,74.891685,-32.911030,34.510368,9.072471,4.372267,23.855158,43.243793,0.338204,19.511391,75.424767,-47.442905,70.692566,40.891899,-45.321022,72.955849,8.199692,-40.774822,51.678474,31.537733,-45.082111,73.132530,73.190971
1092,9.099000,-0.000361,0.000337,-0.000391,1.000000,-31.705624,28.857780,40.916924,-59.793938,30.248228,1.598433,-2.232677,28.195263,2.822709,-3.755888,27.469257,79.968109,-61.039986,29.518377,79.278542,-59.784435,30.243549,1.620902,-2.297370,28.204800,2.870537,-3.723780,27.463854,79.975189,-61.059525,29.532740,79.117844,2.587964,20.210123,10.661528,-18.487730,28.415840,54.796047,-33.588245,35.303192,74.882645,-32.912373,34.511333,9.076039,4.371623,23.854855,43.243549,0.337741,19.511309,75.426666,-47.415276,70.701347,40.890530,-45.326107,72.951851,8.200958,-40.771893,51.681126,31.537746,-45.077358,73.132675,73.192581
1093,9.108000,-0.000346,0.000338,-0.000378,1.000000,-31.704792,28.858295,40.916298,-59.793247,30.249146,1.597920,-2.231932,28.197702,2.821988,-3.754917,27.469376,79.967369,-61.039078,29.516966,79.278008,-59.783657,30.244577,1.620241,-2.297769,28.207115,2.870545,-3.722250,27.464067,79.974617,-61.059464,29.531067,79.116249,2.591397,20.213280,10.661407,-18.489586,28.416344,54.793652,-33.575241,35.314384,74.869987,-32.917549,34.512074,9.077586,4.371382,23.856371,43.242901,0.339642,19.513630,75.427101,-47.386124,70.713287,40.895550,-45.331539,72.945709,8.202378,-40.767467,51.681076,31.536352,-45.073555,73.136681,73.196259
1094,9.116000,-0.000359,0.000336,-0.000379,1.000000,-31.705576,28.859476,40.915676,-59.793877,30.249298,1.597157,-2.232569,28.197803,2.821502,-3.755853,27.471575,79.966888,-61.040009,29.519230,79.277260,-59.783482,30.244511,1.620461,-2.299236,28.207535,2.871377,-3.723959,27.466179,79.972878,-61.059673,29.533607,79.116455,2.594175,20.217251,10.660151,-18.490000,28.420231,54.792183,-33.562817,35.321869,74.862289,-32.922104,34.513889,9.075819,4.371260,23.856445,43.239956,0.337534,19.512302,75.428413,-47.368725,70.716682,40.898220,-45.334999,72.948364,8.206925,-40.761719,51.685749,31.535128,-45.069874,73.137383,73.200089
1095,9.125000,-0.000360,0.000340,-0.000365,1.000000,-31.704420,28.858513,40.915348,-59.793068,30.247498,1.597050,-2.231696,28.197584,2.820939,-3.754348,27.471447,79.966339,-61.038559,29.517532,79.277161,-59.782482,30.243042,1.620883,-2.297504,28.206566,2.869961,-3.722335,27.466404,79.972115,-61.059551,29.530951,79.116158,2.600354,20.218697,10.659097,-18.489950,28.418722,54.793583,-33.545872,35.324562,74.860176,-32.926025,34.516098,9.075891,4.375895,23.850832,43.238438,0.335555,19.511993,75.426674,-47.356934,70.721489,40.901070,-45.338444,72.946960,8.208001,-40.756695,51.687801,31.537399,-45.062840,73.138329,73.202957
1096,9.133000,-0.000385,0.000328,-0.000359,1.000000,-31.705797,28.859997,40.915359,-59.793533,30.246758,1.596323,-2.232167,28.197538,2.821678,-3.756639,27.475140,79.967079,-61.040855,29.520559,79.276443,-59.782295,30.242508,1.621162,-2.299172,28.206032,2.872581,-3.725300,27.470421,79.971970,-61.059265,29.532824,79.116867,2.605439,20.219112,10.661721,-18.489998,28.415579,54.795658,-33.529949,35.321598,74.860794,-32.930069,34.515820,9.075699,4.374079,23.858788,43.238602,0.340899,19.517767,75.428551,-47.350243,70.721611,40.901810,-45.344372,72.942154,8.207568,-40.751560,51.686043,31.537857,-45.060261,73.138786,73.203117
1097,9.141000,-0.000367,0.000326,-0.000383,1.000000,-31.706232,28.858683,40.916409,-59.793724,30.248135,1.597288,-2.232453,28.196161,2.822843,-3.757319,27.471151,79.968216,-61.041439,29.519293,79.277382,-59.783409,30.243317,1.620543,-2.299124,28.205971,2.872368,-3.725884,27.465731,79.974541,-61.059410,29.533709,79.116524,2.608887,20.220102,10.660310,-18.490465,28.415176,54.796291,-33.513035,35.314571,74.863167,-32.933598,34.514530,9.076958,4.373836,23.859821,43.240910,0.337374,19.513502,75.426544,-47.347565,70.722404,40.906963,-45.345081,72.945412,8.213840,-40.749462,51.684944,31.540522,-45.057381,73.140312,73.206810
1098,9.150000,-0.000362,0.000335,-0.000380,1.000000,-31.705719,28.858072,40.917564,-59.793938,30.247795,1.598975,-2.232632,28.196096,2.823451,-3.756085,27.470270,79.968849,-61.040230,29.518133,79.279083,-59.784222,30.242964,1.621766,-2.298183,28.205967,2.871684,-3.724009,27.464733,79.975906,-61.059803,29.533041,79.115829,2.612747,20.221588,10.660516,-18.489832,28.411760,54.797928,-33.482697,35.307816,74.855385,-32.938732,34.509811,9.077437,4.372608,23.860342,43.244411,0.341292,19.515095,75.427887,-47.351551,70.720406,40.911037,-45.349838,72.943726,8.217548,-40.744122,51.680969,31.542233,-45.049103,73.141350,73.210892
1099,9.158000,-0.000342,0.000330,-0.000398,1.000000,-31.706589,28.857761,40.915623,-59.794323,30.250084,1.596785,-2.233112,28.196266,2.821806,-3.757432,27.467377,79.967155,-61.041485,29.517326,79.276848,-59.784149,30.245617,1.619901,-2.299083,28.205372,2.869764,-3.726135,27.462288,79.974121,-61.059105,29.530802,79.115547,2.612690,20.221855,10.658281,-18.491491,28.410021,54.798882,-33.464199,35.303768,74.853989,-32.942505,34.509884,9.078483,4.371694,23.855894,43.244404,0.342690,19.514809,75.426720,-47.359642,70.713531,40.914925,-45.353882,72.941628,8.222444,-40.741684,51.680790,31.544886,-45.047024,73.141174,73.211861
1100,9.166000,-0.000325,0.000325,-0.000413,1.000000,-31.707291,28.857513,40.914055,-59.794640,30.251938,1.595011,-2.233496,28.196409,2.820477,-3.758514,27.465040,79.965782,-61.042511,29.516676,79.275047,,,,,,,,,,,,,,,,,,,,,,,,,,,,,,,,,,,,,,,,,,
1101,9.175000,-0.000317,0.000326,-0.000394,1.000000,-31.707584,28.857523,40.916470,-59.795044,30.251593,1.597497,-2.233824,28.198198,2.822837,-3.758702,27.465403,79.968132,-61.042774,29.514906,79.277512,-59.783279,30.245613,1.623124,-2.299331,28.209564,2.868520,-3.728316,27.459034,79.974625,-61.059864,29.531866,79.117325,2.616308,20.226236,10.657931,-18.491619,28.406832,54.800457,-33.420254,35.297825,74.857178,-32.947556,34.505562,9.074770,4.370907,23.853376,43.245804,0.343603,19.513216,75.427208,-47.387962,70.703629,40.920338,-45.362881,72.938553,8.229228,-40.736858,51.673050,31.555248,-45.036316,73.143822,73.211502
1102,9.183000,-0.000316,0.000328,-0.000397,1.000000,-31.706142,28.855959,40.918106,-59.793770,30.250284,1.599258,-2.232558,28.196503,2.824339,-3.757095,27.463585,79.969643,-61.041157,29.513470,79.279282,-59.783821,30.244844,1.622040,-2.297844,28.207424,2.870036,-3.725593,27.457439,79.977814,-61.058937,29.529995,79.117203,2.616169,20.226536,10.658084,-18.493895,28.408352,54.799671,-33.392284,35.303791,74.862602,-32.946613,34.505524,9.077653,4.372344,23.855637,43.245811,0.338161,19.509436,75.427605,-47.411617,70.692978,40.921074,-45.368282,72.936127,8.234502,-40.735168,51.669640,31.557814,-45.025021,73.148041,73.210701
1103,9.191000,-0.000338,0.000336,-0.000389,1.000000,-31.705219,28.857248,40.917652,-59.793472,30.249340,1.599178,-2.232212,28.196541,2.823457,-3.755543,27.467096,79.968819,-61.039650,29.516026,79.279259,-59.783710,30.244150,1.621670,-2.297936,28.207108,2.871910,-3.723643,27.461201,79.975769,-61.058659,29.531813,79.118698,2.616204,20.226357,10.657052,-18.494659,28.412327,54.797596,-33.367889,35.297375,74.862350,-32.946171,34.501274,9.080104,4.373024,23.857817,43.244015,0.338957,19.512581,75.429222,-47.431286,70.686172,40.922005,-45.374783,72.934349,8.235118,-40.731335,51.668869,31.560474,-45.017681,73.148605,73.209099
1104,9.199000,-0.000332,0.000355,-0.000380,1.000000,-31.703428,28.858021,40.917339,-59.793179,30.250111,1.599938,-2.231830,28.198376,2.822036,-3.752267,27.467871,79.967438,-61.036430,29.515734,79.280052,-59.783394,30.244886,1.622452,-2.297077,28.208975,2.870089,-3.719165,27.461893,79.974297,-61.059593,29.531891,79.118828,2.615233,20.225498,10.658866,-18.494173,28.411186,54.796261,-33.343277,35.301292,74.859367,-32.943390,34.501263,9.078719,4.373353,23.857611,43.242054,0.336576,19.512005,75.429276,-47.449997,70.678795,40.923206,-45.379242,72.932022,8.236218,-40.728905,51.665222,31.560719,-45.014576,73.149620,73.207947
1105,9.208000,-0.000327,0.000347,-0.000384,1.000000,-31.703598,28.859848,40.914829,-59.792755,30.252478,1.597017,-2.231443,28.200325,2.819955,-3.753024,27.469158,79.965332,-61.037170,29.517437,79.277107,-59.783161,30.248011,1.619233,-2.296908,28.209499,2.868355,-3.720075,27.463945,79.972488,-61.058544,29.531252,79.116249,2.612822,20.221344,10.662274,-18.494392,28.410351,54.795940,-33.322075,35.298298,74.853088,-32.941010,34.499958,9.078136,4.373204,23.857325,43.241154,0.332190,19.509975,75.427231,-47.479939,70.664200,40.925728,-45.382133,72.933701,8.238808,-40.723110,51.665939,31.564034,-45.012646,73.149605,73.207886
1106,9.216000,-0.000336,0.000351,-0.000388,1.000000,-31.704170,28.858147,40.916142,-59.793629,30.250370,1.598531,-2.232325,28.197729,2.821046,-3.753299,27.467859,79.966446,-61.037434,29.516634,79.278641,-59.783684,30.245396,1.621216,-2.297979,28.207865,2.868517,-3.720616,27.462152,79.973709,-61.059208,29.532061,79.116028,2.609961,20.221537,10.661641,-18.494200,28.412374,54.793770,-33.306320,35.295143,74.862305,-32.935566,34.497608,9.079458,4.372895,23.858568,43.242546,0.333124,19.511784,75.425789,-47.502060,70.652573,40.927818,-45.386494,72.933784,8.240737,-40.718616,51.665974,31.565592,-45.007999,73.153412,73.204002
1107,9.224000,-0.000354,0.000354,-0.000393,1.000000,-31.704086,28.859213,40.915638,-59.793736,30.250278,1.598117,-2.232438,28.197102,2.820417,-3.753033,27.470079,79.965851,-61.037148,29.519403,79.278267,-59.783531,30.245157,1.622080,-2.297172,28.207275,2.869824,-3.720639,27.464342,79.971260,-61.059547,29.534948,79.115883,2.606733,20.221909,10.660859,-18.492306,28.411978,54.792889,-33.290428,35.292801,74.865433,-32.929401,34.493820,9.077224,4.372523,23.856949,43.244091,0.331669,19.510206,75.426071,-47.519760,70.644569,40.927406,-45.395477,72.925774,8.236311,-40.711437,51.662498,31.565956,-45.001812,73.154182,73.201439
1108,9.233000,-0.000357,0.000346,-0.000399,1.000000,-31.705376,28.857693,40.914524,-59.794350,30.248884,1.596525,-2.233103,28.194977,2.819794,-3.754991,27.468433,79.965210,-61.039066,29.518488,79.276657,-59.784115,30.243921,1.620479,-2.298645,28.204906,2.870462,-3.723184,27.462896,79.970390,-61.058937,29.533300,79.115356,2.603726,20.220829,10.660591,-18.494490,28.412235,54.793991,-33.280880,35.294785,74.866272,-32.924698,34.492695,9.075664,4.370474,23.856440,43.243382,0.329712,19.511776,75.424088,-47.538521,70.635918,40.924183,-45.401031,72.920952,8.229979,-40.704163,51.662140,31.567860,-44.995659,73.153526,73.198090
1109,9.241000,-0.000350,0.000343,-0.000402,1.000000,-31.704468,28.857943,40.915134,-59.793221,30.249807,1.597005,-2.231994,28.195576,2.820557,-3.754297,27.468014,79.965958,-61.038364,29.518387,79.277115,-59.782047,30.244770,1.621741,-2.297914,28.205484,2.869630,-3.722513,27.462467,79.971214,-61.059277,29.533173,79.116631,2.599140,20.217278,10.658770,-18.493744,28.409683,54.795475,-33.275593,35.295979,74.862770,-32.919140,34.489178,9.076596,4.370079,23.856403,43.243942,0.326169,19.510498,75.424675,-47.552814,70.630737,40.923103,-45.404316,72.919319,8.231603,-40.700966,51.664726,31.568941,-44.986385,73.157623,73.192665
1110,9.250000,-0.000349,0.000346,-0.000375,1.000000,-31.705088,28.859917,40.914902,-59.794132,30.250362,1.596934,-2.232787,28.199238,2.820164,-3.754628,27.471399,79.965561,-61.038803,29.518677,79.277054,-59.783436,30.245995,1.621202,-2.298137,28.207960,2.869159,-3.722832,27.466478,79.971046,-61.059357,29.531702,79.116432,2.595221,20.215801,10.658627,-18.493193,28.407148,54.795868,-33.269047,35.298710,74.861229,-32.914482,34.484524,9.077241,4.372978,23.852283,43.244972,0.328262,19.512506,75.426331,-47.568382,70.626587,40.920845,-45.404755,72.920761,8.234283,-40.693100,51.666397,31.570503,-44.942539,73.165535,73.166756
1111,9.258000,-0.000363,0.000343,-0.000375,1.000000,-31.704203,28.858332,40.916687,-59.793056,30.247662,1.598540,-2.231711,28.196617,2.822116,-3.753936,27.470919,79.967522,-61.038113,29.518133,79.278671,-59.781998,30.242739,1.622536,-2.298901,28.206530,2.871634,-3.721852,27.465435,79.973274,-61.059273,29.532841,79.117203,2.591977,20.215097,10.659387,-18.494421,28.407949,54.796017,-33.271526,35.299335,74.862488,-32.910145,34.480026,9.078037,4.371399,23.856506,43.242798,0.335106,19.517300,75.425323,-47.583664,70.630692,40.921211,-45.405426,72.919167,8.231922,-40.689571,51.663654,31.568771,-44.922623,73.174316,73.155197
1112,9.266000,-0.000367,0.000348,-0.000371,1.000000,-31.703667,28.858583,40.917606,-59.792934,30.247370,1.599735,-2.231562,28.196760,2.822727,-3.752985,27.471716,79.968170,-61.037182,29.518497,79.279884,-59.782665,30.241972,1.623052,-2.296475,28.207544,2.869178,-3.720872,27.465651,79.975182,-61.058743,29.534990,79.118004,2.587212,20.212936,10.660037,-18.493401,28.407007,54.795677,-33.275833,35.302589,74.861916,-32.895279,34.464844,9.092690,4.376163,23.850664,43.241520,0.334487,19.514507,75.424591,-47.593384,70.621422,40.914543,-45.408253,72.916176,8.228331,-40.687778,51.664543,31.571276,-44.914082,73.178970,73.149757
1113,9.275000,-0.000354,0.000343,-0.000350,1.000000,-31.704107,28.858665,40.916096,-59.792995,30.247301,1.597953,-2.231556,28.199074,2.821535,-3.753802,27.471945,79.966934,-61.038078,29.516346,79.278069,-59.782856,30.242193,1.620688,-2.297394,28.209452,2.869101,-3.721714,27.466150,79.973969,-61.058491,29.531893,79.117722,2.585191,20.209057,10.659970,-18.495052,28.406950,54.796005,-33.279903,35.301952,74.861458,-32.890427,34.456478,9.095698,4.375844,23.854183,43.240242,0.339330,19.516602,75.425674,-47.609291,70.616196,40.909534,-45.408466,72.917000,8.228367,-40.685974,51.669056,31.571331,-44.902824,73.187126,73.143196
1114,9.283000,-0.000358,0.000338,-0.000371,1.000000,-31.703686,28.858957,40.917377,-59.792168,30.248451,1.598972,-2.230820,28.197866,2.823079,-3.753784,27.471384,79.968475,-61.037971,29.518133,79.279076,-59.781902,30.243374,1.621653,-2.297403,28.208256,2.870751,-3.721555,27.465603,79.975716,-61.058460,29.533705,79.117409,2.582208,20.207308,10.662190,-18.493587,28.407154,54.796814,-33.290012,35.315666,74.858223,-32.888313,34.457165,9.094031,4.375697,23.856720,43.240963,0.337703,19.513815,75.426353,-47.621681,70.611435,40.905113,-45.407291,72.917526,8.224342,-40.681782,51.668507,31.567108,-44.896107,73.188988,73.136391
1115,9.291000,-0.000361,0.000352,-0.000395,1.000000,-31.704241,28.859955,40.915985,-59.793747,30.250566,1.598352,-2.232462,28.197208,2.820873,-3.753328,27.471272,79.966316,-61.037434,29.520782,79.278503,-59.784149,30.246359,1.620399,-2.298046,28.205894,2.868876,-3.720002,27.466301,79.973862,-61.059223,29.533825,79.117950,2.581369,20.206633,10.660393,-18.492777,28.408468,54.795086,-33.295422,35.317108,74.849823,-32.886082,34.456516,9.094296,4.374520,23.857244,43.242077,0.333663,19.510223,75.426506,-47.640541,70.623489,40.900696,-45.406841,72.918114,8.220455,-40.679527,51.672184,31.566828,-44.889496,73.194435,73.129662
1116,9.300000,-0.000361,0.000350,-0.000370,1.000000,-31.704510,28.859711,40.914993,-59.793888,30.248955,1.597223,-2.232513,28.198454,2.820027,-3.753713,27.472385,79.965462,-61.037914,29.519054,79.277367,-59.783722,30.244001,1.620636,-2.297401,28.208395,2.868565,-3.721468,27.466795,79.971405,-61.059795,29.534098,79.116821,2.580117,20.205280,10.662391,-18.494473,28.410521,54.794018,-33.313293,35.329891,74.845413,-32.881680,34.455803,9.093257,4.373034,23.856314,43.243198,0.330365,19.507542,75.425034,-47.660736,70.620743,40.890968,-45.401608,72.925133,8.223530,-40.676666,51.677139,31.564022,-44.879955,73.196869,73.121666
1117,9.308000,-0.000345,0.000345,-0.000381,1.000000,-31.704548,28.859407,40.915508,-59.793537,30.250492,1.597524,-2.232212,28.198709,2.820793,-3.754145,27.470251,79.966187,-61.038303,29.518179,79.277634,-59.783699,30.245708,1.619959,-2.297429,28.208458,2.868617,-3.721282,27.464735,79.973129,-61.060570,29.532925,79.117508,2.578527,20.206430,10.662497,-18.494692,28.407734,54.794735,-33.321953,35.335739,74.843254,-32.878082,34.455006,9.092940,4.372108,23.854595,43.243618,0.332771,19.510756,75.425491,-47.675751,70.619087,40.881840,-45.398102,72.927292,8.218192,-40.677391,51.681149,31.561604,-44.869762,73.205032,73.116081
1118,9.316000,-0.000351,0.000339,-0.000402,1.000000,-31.705608,28.857767,40.916817,-59.794086,30.249554,1.598486,-2.232871,28.195330,2.822444,-3.755713,27.467915,79.967834,-61.039768,29.518280,79.278587,-59.783840,30.244595,1.621113,-2.298851,28.205439,2.868896,-3.723762,27.462255,79.975494,-61.059456,29.533409,79.118050,2.578552,20.207399,10.662813,-18.494745,28.407761,54.793930,-33.332394,35.335125,74.841728,-32.864590,34.472698,9.078566,4.373721,23.848537,43.243301,0.329991,19.508965,75.424065,-47.685890,70.611290,40.871090,-45.394478,72.931686,8.215155,-40.675468,51.680340,31.557840,-44.858479,73.211983,73.107330
1119,9.324000,-0.000335,0.000339,-0.000401,1.000000,-31.704506,28.857189,40.917587,-59.792961,30.250212,1.599288,-2.231741,28.196081,2.823216,-3.754631,27.466110,79.968575,-61.038696,29.516363,79.279366,-59.782623,30.244583,1.621456,-2.298891,28.207472,2.868942,-3.721576,27.459711,79.977402,-61.059795,29.533466,79.118195,2.580136,20.206324,10.663333,-18.494537,28.407890,54.794121,-33.345242,35.336460,74.844185,-32.846428,34.481499,9.067968,4.372895,23.850220,43.242889,0.331599,19.510654,75.424164,-47.700161,70.615425,40.864815,-45.390594,72.933975,8.214900,-40.675266,51.682507,31.558504,-44.851860,73.216682,73.101631
1120,9.333000,-0.000352,0.000340,-0.000410,1.000000,-31.705206,28.854609,40.917534,-59.793697,30.246773,1.599225,-2.232507,28.191685,2.823138,-3.755301,27.464378,79.968536,-61.039330,29.515604,79.279343,-59.782444,30.240778,1.623062,-2.299539,28.203592,2.869399,-3.723921,27.457815,79.975761,-61.058723,29.533403,79.118080,2.579883,20.204790,10.662991,-18.494822,28.407837,54.792820,-33.359604,35.342472,74.840370,-32.836308,34.486153,9.065294,4.372525,23.853346,43.243282,0.332564,19.510281,75.426842,-47.713047,70.618004,40.860531,-45.390858,72.935722,8.211452,-40.672829,51.684517,31.557390,-44.838470,73.221039,73.095184
1121,9.341000,-0.000330,0.000330,-0.000399,1.000000,-31.705179,28.855436,40.916527,-59.792908,30.248678,1.597714,-2.231696,28.194809,2.822700,-3.756032,27.464140,79.968025,-61.040085,29.514128,79.277763,-59.781639,30.242353,1.621475,-2.298532,28.207312,2.868982,-3.724925,27.457268,79.975090,-61.058895,29.532681,79.118546,2.583423,20.205406,10.661917,-18.492523,28.406290,54.794075,-33.374691,35.341461,74.839851,-32.835110,34.486206,9.065134,4.372498,23.854864,43.244785,0.333042,19.509115,75.428253,-47.722919,70.618530,40.858353,-45.390350,72.940056,8.209865,-40.674416,51.689400,31.556025,-44.826920,73.226860,73.089310
1122,9.349000,-0.000326,0.000334,-0.000412,1.000000,-31.704908,28.856251,40.916515,-59.792923,30.250553,1.597938,-2.231753,28.195126,2.822444,-3.755477,27.463898,79.967789,-61.039490,29.515434,79.277992,-59.782982,30.244455,1.620135,-2.297991,28.207361,2.869559,-3.722872,27.457050,79.975739,-61.059551,29.533846,79.117538,2.586805,20.209475,10.660293,-18.493206,28.406828,54.796059,-33.385010,35.346859,74.839577,-32.835041,34.487869,9.068027,4.371341,23.852938,43.245701,0.332532,19.507036,75.427223,-47.737755,70.616516,40.843140,-45.386806,72.940895,8.204305,-40.673492,51.690376,31.555140,-44.816818,73.234688,73.084419
1123,9.358000,-0.000332,0.000339,-0.000390,1.000000,-31.704739,28.856218,40.917446,-59.793221,30.248827,1.599151,-2.231956,28.195900,2.823073,-3.754833,27.465549,79.968430,-61.038940,29.514603,79.279236,-59.782982,30.242718,1.622666,-2.296511,28.207943,2.869333,-3.723234,27.458801,79.975433,-61.059074,29.533031,79.117760,2.588568,20.211185,10.660650,-18.493439,28.408340,54.794563,-33.395725,35.349709,74.842339,-32.835033,34.490795,9.068530,4.370265,23.851166,43.247219,0.335806,19.510313,75.427803,-47.745239,70.616875,40.833248,-45.387825,72.947731,8.201262,-40.675457,51.693462,31.553686,-44.809170,73.240005,73.077888
1124,9.366000,-0.000333,0.000335,-0.000373,1.000000,-31.704632,28.856760,40.915878,-59.792858,30.248394,1.597363,-2.231532,28.197426,2.821729,-3.754982,27.467060,79.967079,-61.039162,29.514164,79.277435,-59.782375,30.242611,1.621078,-2.295859,28.208775,2.867784,-3.723572,27.460682,79.973801,-61.059189,29.531416,79.117775,2.590434,20.214010,10.660480,-18.493448,28.408735,54.793179,-33.403187,35.352604,74.843658,-32.833755,34.496479,9.068242,4.368980,23.852165,43.248669,0.339211,19.514477,75.426865,-47.749798,70.620735,40.831642,-45.385639,72.947777,8.196981,-40.678600,51.698833,31.552198,-44.797325,73.249016,73.075638
1125,9.375000,-0.000357,0.000354,-0.000378,1.000000,-31.705389,28.858873,40.915066,-59.795059,30.248827,1.597527,-2.233708,28.197437,2.819860,-3.754303,27.470844,79.965302,-61.038486,29.518393,79.277672,-59.784710,30.243896,1.621317,-2.298821,28.207258,2.868716,-3.722628,27.465332,79.971085,-61.058407,29.533112,79.117256,2.596061,20.212061,10.660925,-18.492411,28.411064,54.794090,-33.412067,35.359810,74.840096,-32.829437,34.497719,9.069883,4.367041,23.855001,43.249687,0.335713,19.511553,75.426559,-47.764977,70.619728,40.836697,-45.382683,72.954506,8.197114,-40.680458,51.699490,31.548643,-44.790234,73.253288,73.071724
1126,9.383000,-0.000355,0.000352,-0.000381,1.000000,-31.705076,28.858978,40.913555,-59.794609,30.249313,1.595935,-2.233273,28.197489,2.818441,-3.754124,27.470572,79.963875,-61.038292,29.518547,79.276070,-59.783440,30.244518,1.621011,-2.298481,28.206835,2.868236,-3.722545,27.465307,79.968414,-61.058636,29.532358,79.117943,2.598355,20.216383,10.660547,-18.492825,28.409014,54.794796,-33.416676,35.366611,74.834969,-32.827007,34.500538,9.068419,4.365885,23.855885,43.251099,0.337528,19.513931,75.427956,-47.772820,70.613464,40.841717,-45.382969,72.962639,8.200588,-40.682724,51.704754,31.549242,-44.790314,73.256187,73.068596
1127,9.391000,-0.000356,0.000352,-0.000388,1.000000,-31.704456,28.858698,40.914078,-59.793983,30.249294,1.596460,-2.232674,28.196728,2.818957,-3.753516,27.470028,79.964394,-61.037647,29.518747,79.276604,-59.783138,30.244116,1.620485,-2.298521,28.207027,2.867963,-3.721590,27.464285,79.969910,-61.058807,29.534111,79.117035,2.601123,20.216883,10.661757,-18.490753,28.411758,54.795189,-33.424938,35.371666,74.832474,-32.824970,34.503967,9.069757,4.366464,23.854441,43.252094,0.342647,19.519039,75.427124,-47.776119,70.612762,40.843739,-45.382118,72.962967,8.196172,-40.684406,51.706608,31.545931,-44.781395,73.255264,73.066711
1128,9.400000,-0.000344,0.000353,-0.000365,1.000000,-31.704374,28.857887,40.913910,-59.794022,30.248112,1.596361,-2.232611,28.198198,2.818737,-3.753319,27.469587,79.964157,-61.037552,29.515657,79.276489,-59.783657,30.242872,1.619037,-2.297834,28.208750,2.863897,-3.720792,27.463627,79.971954,-61.059864,29.531666,79.117096,2.603587,20.216898,10.663123,-18.493055,28.412956,54.792995,-33.432167,35.374592,74.832336,-32.824440,34.502834,9.068240,4.366506,23.852871,43.252193,0.338497,19.515715,75.426956,-47.775379,70.616226,40.839672,-45.381443,72.965149,8.193476,-40.685661,51.707024,31.547117,-44.780384,73.258217,73.066833
1129,9.408000,-0.000349,0.000351,-0.000367,1.000000,-31.704411,28.857616,40.914394,-59.793888,30.247629,1.596719,-2.232495,28.197420,2.819347,-3.753522,27.469528,79.964767,-61.037743,29.515892,79.276848,-59.783554,30.242889,1.619756,-2.298587,28.207073,2.867985,-3.721075,27.464130,79.971123,-61.059685,29.530386,79.115982,2.605488,20.215191,10.664076,-18.493622,28.414280,54.791897,-33.441181,35.366585,74.829765,-32.821396,34.507526,9.069726,4.366533,23.854111,43.252697,0.333384,19.510403,75.428284,-47.759853,70.626595,40.830055,-45.383217,72.964821,8.192437,-40.686077,51.709957,31.544828,-44.772667,73.260597,73.065025
1130,9.416000,-0.000326,0.000350,-0.000373,1.000000,-31.705137,28.857704,40.915985,-59.794544,30.249817,1.598331,-2.233174,28.198927,2.820954,-3.754321,27.467533,79.966339,-61.038517,29.514547,79.278419,-59.784733,30.244987,1.621871,-2.297755,28.208622,2.871043,-3.721864,27.462063,79.971695,-61.060654,29.529333,79.116180,2.607605,20.213322,10.662840,-18.493519,28.415276,54.790012,-33.448769,35.363762,74.833466,-32.819904,34.511192,9.068556,4.367071,23.853189,43.253059,0.333315,19.511080,75.427750,-47.749104,70.634933,40.822220,-45.382332,72.971191,8.190776,-40.687698,51.710724,31.544065,-44.769108,73.260864,73.067451
1131,9.425000,-0.000322,0.000346,-0.000372,1.000000,-31.705004,28.858242,40.916523,-59.794052,30.250629,1.598623,-2.232692,28.199762,2.821753,-3.754541,27.467793,79.967117,-61.038734,29.514786,79.278694,-59.783333,30.245289,1.622818,-2.298231,28.210333,2.870665,-3.722407,27.461878,79.972664,-61.060673,29.530806,79.116997,2.604784,20.216789,10.661854,-18.492144,28.415459,54.792095,-33.457912,35.367867,74.829506,-32.817848,34.514870,9.063951,4.366116,23.853912,43.253109,0.334861,19.514339,75.428406,-47.737839,70.642853,40.815876,-45.383938,72.973816,8.188423,-40.688469,51.713978,31.540520,-44.760574,73.263618,73.065506
1132,9.433000,-0.000338,0.000343,-0.000377,1.000000,-31.705067,28.857899,40.915291,-59.793865,30.249325,1.597184,-2.232528,28.197998,2.820715,-3.754851,27.468407,79.966095,-61.039017,29.515875,79.277275,-59.783226,30.243851,1.621831,-2.297266,28.208660,2.870621,-3.723091,27.462420,79.970810,-61.059826,29.531893,79.117538,2.604100,20.218714,10.662383,-18.492577,28.413528,54.792236,-33.461185,35.368446,74.826904,-32.813087,34.517330,9.064538,4.365768,23.853909,43.253582,0.338066,19.518188,75.426903,-47.728436,70.648697,40.812347,-45.384102,72.975418,8.183675,-40.688530,51.716103,31.539457,-44.752304,73.267876,73.065933
1133,9.441000,-0.000338,0.000353,-0.000382,1.000000,-31.703754,28.857513,40.915524,-59.793385,30.249220,1.598012,-2.232042,28.197245,2.820316,-3.752720,27.467745,79.965729,-61.036880,29.515856,79.278137,-59.782600,30.243769,1.621538,-2.299043,28.208223,2.870146,-3.720463,27.461697,79.971413,-61.058540,29.532169,79.117882,2.602694,20.216579,10.661767,-18.494045,28.411495,54.791737,-33.464989,35.370991,74.826523,-32.813980,34.522896,9.061959,4.363913,23.853687,43.253578,0.333339,19.514212,75.427391,-47.715984,70.657715,40.815121,-45.386013,72.979553,8.182901,-40.688290,51.718681,31.538290,-44.743488,73.273529,73.068558
1134,9.449000,-0.000346,0.000353,-0.000376,1.000000,-31.703907,28.858582,40.915722,-59.793495,30.249319,1.598147,-2.232131,28.198040,2.820572,-3.752914,27.469772,79.965988,-61.037098,29.517200,79.278275,-59.783508,30.244381,1.620886,-2.297593,28.208075,2.869140,-3.720816,27.464161,79.972443,-61.057556,29.532194,79.118843,2.601944,20.213705,10.661252,-18.495789,28.412346,54.789913,-33.470528,35.369286,74.827423,-32.814091,34.527416,9.059979,4.363897,23.852842,43.255417,0.339964,19.520952,75.429520,-47.697617,70.657364,40.825905,-45.387962,72.981476,8.178692,-40.689713,51.722687,31.536472,-44.738926,73.274956,73.068428
1135,9.458000,-0.000348,0.000348,-0.000382,1.000000,-31.703972,28.858170,40.915653,-59.793156,30.249075,1.597801,-2.231833,28.197124,2.820793,-3.753379,27.469196,79.966202,-61.037529,29.517292,79.277924,-59.782715,30.244675,1.620932,-2.297508,28.206074,2.867855,-3.721699,27.464169,79.973152,-61.057186,29.530600,79.118179,2.598563,20.211081,10.663030,-18.495529,28.415718,54.788433,-33.474983,35.371990,74.829086,-32.813473,34.530121,9.061029,4.360989,23.852852,43.257397,0.339888,19.526209,75.426010,-47.679260,70.667900,40.841408,-45.392998,72.982826,8.171955,-40.687725,51.724007,31.533381,-44.731503,73.274849,73.068642
1136,9.466000,-0.000344,0.000343,-0.000369,1.000000,-31.704830,28.859171,40.915611,-59.793697,30.249722,1.597518,-2.232334,28.199249,2.821010,-3.754544,27.470551,79.966393,-61.038746,29.517170,79.277626,-59.784031,30.245134,1.619694,-2.297318,28.208593,2.867766,-3.722415,27.465239,79.974159,-61.057724,29.531082,79.119034,2.596717,20.207352,10.664066,-18.496912,28.416515,54.785942,-33.481007,35.370182,74.827225,-32.812050,34.533302,9.057299,4.357572,23.852242,43.259533,0.335322,19.529169,75.427277,-47.658218,70.670166,40.845863,-45.396107,72.987686,8.168653,-40.688248,51.730465,31.529686,-44.733765,73.275902,73.069855
1137,9.474000,-0.000358,0.000350,-0.000371,1.000000,-31.703711,28.858461,40.916851,-59.793152,30.247957,1.599130,-2.231771,28.197380,2.821836,-3.752861,27.470890,79.967270,-61.037064,29.517628,79.279266,-59.782845,30.243137,1.622251,-2.296508,28.207060,2.867719,-3.720721,27.465406,79.974487,-61.058617,29.532349,79.118843,2.591880,20.205770,10.661943,-18.498816,28.418810,54.784161,-33.487026,35.369976,74.824905,-32.808029,34.536407,9.052056,4.354888,23.849188,43.261620,0.332887,19.535469,75.427994,-47.639481,70.671753,40.846138,-45.398422,72.988358,8.161888,-40.686138,51.732224,31.526302,-44.734921,73.274193,73.071251
1138,9.483000,-0.000354,0.000345,-0.000360,1.000000,-31.704124,28.857704,40.915295,-59.793152,30.246925,1.597267,-2.231741,28.197611,2.820611,-3.753686,27.470404,79.966011,-61.037930,29.515886,79.277382,-59.782280,30.242050,1.621068,-2.296872,28.207306,2.867605,-3.721637,27.464941,79.972191,-61.060070,29.530487,79.118446,2.586488,20.199137,10.663123,-18.499880,28.418198,54.779560,-33.491070,35.369415,74.820236,-32.805908,34.540699,9.048033,4.353932,23.841888,43.262081,0.329616,19.540945,75.428947,-47.618370,70.677261,40.844406,-45.401009,72.987785,8.155435,-40.683094,51.736324,31.521538,-44.731762,73.273178,73.071518
1139,9.491000,-0.000347,0.000343,-0.000370,1.000000,-31.704268,28.858372,40.914234,-59.793125,30.248741,1.596132,-2.231765,28.198179,2.819639,-3.753990,27.469931,79.965034,-61.038185,29.516644,79.276237,-59.782993,30.243715,1.618456,-2.298505,28.208527,2.869057,-3.721326,27.464190,79.971489,-61.059807,29.531979,79.117111,2.582038,20.190468,10.662759,-18.503185,28.416597,54.779243,-33.496990,35.369072,74.813301,-32.804024,34.545319,9.044176,4.350526,23.841785,43.260456,0.323245,19.539732,75.429306,-47.594074,70.685257,40.843815,-45.405952,72.989693,8.151657,-40.679077,51.740871,31.515324,-44.726383,73.273529,73.070183
1140,9.500000,-0.000362,0.000351,-0.000355,1.000000,-31.703087,28.858921,40.913918,-59.792648,30.247194,1.596239,-2.231205,28.198463,2.818850,-3.752115,27.472565,79.964294,-61.036385,29.517471,79.276390,-59.781246,30.242792,1.620957,-2.296679,28.207174,2.866945,-3.719658,27.467623,79.969528,-61.060272,29.530624,79.116348,2.555393,20.173317,10.664424,-18.507383,28.415737,54.779083,-33.501553,35.364281,74.807259,-32.802654,34.548904,9.039376,4.348979,23.844122,43.261562,0.327195,19.548958,75.430664,-47.567482,70.698372,40.840813,-45.412476,72.989426,8.147346,-40.676144,51.745476,31.510649,-44.724339,73.277267,73.067192
1141,9.508000,-0.000358,0.000352,-0.000370,1.000000,-31.704044,28.858700,40.914333,-59.793629,30.248156,1.596713,-2.232244,28.197691,2.819210,-3.753051,27.471167,79.964653,-61.037262,29.517797,79.276863,-59.784294,30.243851,1.618771,-2.297041,28.206488,2.867309,-3.719876,27.466097,79.972038,-61.058479,29.531061,79.116692,2.551930,20.169197,10.663962,-18.506802,28.411701,54.774803,-33.504723,35.363201,74.805779,-32.800018,34.548683,9.038038,4.349325,23.844864,43.262146,0.321529,19.549213,75.432686,-47.537094,70.708595,40.841221,-45.418949,72.986664,8.143189,-40.673000,51.743881,31.506542,-44.719707,73.276138,73.068626
1142,9.516000,-0.000361,0.000346,-0.000397,1.000000,-31.705168,28.858896,40.914440,-59.794212,30.249638,1.596481,-2.232957,28.196011,2.819666,-3.754708,27.470085,79.965088,-61.038792,29.519865,79.276619,-59.784061,30.245035,1.619123,-2.298934,28.205400,2.867764,-3.723160,27.464840,79.971985,-61.057125,29.533649,79.118195,2.545922,20.161806,10.666333,-18.509418,28.412470,54.773914,-33.506977,35.360153,74.804962,-32.801033,34.548962,9.034612,4.349769,23.848438,43.260582,0.318191,19.552221,75.433441,-47.514500,70.718910,40.838543,-45.425827,72.986450,8.142380,-40.669361,51.745182,31.505054,-44.722195,73.272614,73.068283
1143,9.525000,-0.000353,0.000353,-0.000391,1.000000,-31.704891,28.858652,40.916286,-59.794437,30.249708,1.598698,-2.233142,28.196712,2.821136,-3.753933,27.469524,79.966568,-61.038052,29.518669,79.278839,-59.784351,30.244753,1.622165,-2.297190,28.206549,2.867342,-3.722941,27.463964,79.973579,-61.055901,29.533476,79.118919,2.541657,20.161011,10.667654,-18.511318,28.413862,54.770649,-33.509205,35.354984,74.803574,-32.802193,34.548840,9.032081,4.350453,23.853601,43.256161,0.311949,19.552876,75.435211,-47.476879,70.725807,40.832993,-45.433235,72.982666,8.137457,-40.667515,51.748116,31.500193,-44.715889,73.279114,73.070763
1144,9.533000,-0.000355,0.000347,-0.000402,1.000000,-31.705576,28.858624,40.915916,-59.794617,30.250151,1.597983,-2.233383,28.195927,2.821130,-3.755119,27.469030,79.966545,-61.039185,29.519394,79.278114,-59.784603,30.245232,1.621244,-2.298340,28.205776,2.869488,-3.724331,27.463528,79.972939,-61.055626,29.533895,79.119583,2.535755,20.156210,10.667169,-18.512526,28.413322,54.769318,-33.508717,35.349945,74.808815,-32.803181,34.546059,9.031512,4.353560,23.854086,43.253571,0.305092,19.552687,75.434937,-47.456047,70.732452,40.825668,-45.439980,72.979370,8.134805,-40.663944,51.749401,31.497347,-44.707973,73.282616,73.066956
1145,9.541000,-0.000335,0.000346,-0.000399,1.000000,-31.704840,28.856426,40.916378,-59.793831,30.249321,1.598457,-2.232584,28.195387,2.821609,-3.754437,27.465471,79.966995,-61.038513,29.515532,79.278549,-59.783302,30.243843,1.622895,-2.297282,28.206059,2.870443,-3.723562,27.459496,79.972466,-61.056145,29.531351,79.119904,2.534823,20.154520,10.668585,-18.513111,28.412014,54.771996,-33.506039,35.346928,74.809227,-32.805176,34.546669,9.028632,4.355523,23.855011,43.249416,0.301351,19.553995,75.431915,-47.440334,70.738586,40.821850,-45.455795,72.970200,8.127209,-40.663200,51.751213,31.496382,-44.706619,73.281944,73.066437
1146,9.550000,-0.000313,0.000349,-0.000418,1.000000,-31.704998,28.857262,40.915054,-59.794212,30.252960,1.597387,-2.233034,28.196795,2.820048,-3.754375,27.463520,79.965416,-61.038376,29.515776,79.277458,-59.783882,30.247616,1.620684,-2.298122,28.207428,2.867676,-3.723145,27.457582,79.971855,-61.056892,29.531590,79.119316,2.535239,20.152016,10.671085,-18.513422,28.413427,54.773468,-33.498619,35.344490,74.809135,-32.806881,34.543331,9.026268,4.356727,23.854876,43.245770,0.293865,19.551418,75.432663,-47.426037,70.744011,40.822567,-45.471592,72.963486,8.121248,-40.659504,51.750607,31.494215,-44.705154,73.284302,73.065544
1147,9.558000,-0.000325,0.000349,-0.000424,1.000000,-31.705137,28.856834,40.916668,-59.794319,30.251879,1.598957,-2.233160,28.195112,2.821699,-3.754544,27.463745,79.967079,-61.038528,29.516607,79.279045,-59.784836,30.246336,1.620773,-2.298797,28.206270,2.868525,-3.721727,27.457411,79.975578,-61.057724,29.533377,79.118866,2.533124,20.152536,10.671930,-18.513697,28.412495,54.770779,-33.495285,35.338448,74.807518,-32.808762,34.539040,9.024334,4.358685,23.851498,43.244717,0.288279,19.550243,75.431557,-47.401642,70.754539,40.821896,-45.485283,72.952782,8.114932,-40.656643,51.748432,31.492069,-44.702938,73.280594,73.063759
1148,9.566000,-0.000340,0.000350,-0.000396,1.000000,-31.705248,28.858503,40.915775,-59.794571,30.250877,1.598072,-2.233300,28.197315,2.820772,-3.754511,27.468067,79.966179,-61.038612,29.517761,79.278191,-59.784889,30.245737,1.620530,-2.299130,28.207802,2.870472,-3.722613,27.462244,79.972603,-61.057461,29.533281,79.118790,2.533133,20.150860,10.670731,-18.516937,28.415218,54.769527,-33.488266,35.335602,74.804413,-32.809113,34.536118,9.023601,4.357368,23.851894,43.245037,0.284158,19.550804,75.428032,-47.384895,70.761993,40.818401,-45.499947,72.941185,8.110801,-40.655827,51.747322,31.491009,-44.694740,73.284271,73.065285
1149,9.574000,-0.000357,0.000349,-0.000384,1.000000,-31.705402,28.858038,40.914745,-59.794662,30.248320,1.596925,-2.233347,28.196203,2.819830,-3.754729,27.469683,79.965256,-61.038876,29.517958,79.277061,-59.784744,30.242508,1.620688,-2.297835,28.207651,2.870511,-3.723206,27.463305,79.970154,-61.058128,29.535002,79.118607,2.533785,20.149651,10.671263,-18.516388,28.414207,54.770737,-33.482841,35.336571,74.800438,-32.811172,34.535374,9.020647,4.356154,23.849144,43.246269,0.275967,19.547173,75.426445,-47.379917,70.761406,40.811798,-45.516083,72.932610,8.105480,-40.653236,51.745224,31.486956,-44.690800,73.285645,73.062096
1150,9.583000,-0.000341,0.000351,-0.000390,1.000000,-31.705452,28.859543,40.913563,-59.794880,30.251440,1.595914,-2.233583,28.198627,2.818492,-3.754607,27.469584,79.963898,-61.038734,29.518532,79.276039,-59.784424,30.245972,1.620204,-2.297861,28.209290,2.867223,-3.723308,27.463589,79.969231,-61.058079,29.534504,79.117409,2.534805,20.150761,10.670357,-18.519917,28.411829,54.771294,-33.474056,35.336624,74.796204,-32.812920,34.532745,9.018950,4.353123,23.846344,43.247292,0.271492,19.548626,75.425819,-47.377689,70.757133,40.807899,-45.530895,72.923378,8.100404,-40.652138,51.741253,31.483852,-44.691116,73.280830,73.060936
1151,9.591000,-0.000360,0.000358,-0.000381,1.000000,-31.704437,28.860447,40.913330,-59.794426,30.250347,1.596016,-2.233073,28.198570,2.817881,-3.753036,27.472469,79.963341,-61.037212,29.520407,79.276184,-59.784836,30.246258,1.618686,-2.297023,28.206936,2.866003,-3.720776,27.467686,79.969688,-61.058182,29.532988,79.117416,2.538201,20.150427,10.670344,-18.521442,28.410435,54.769695,-33.465160,35.331326,74.793747,-32.813026,34.528687,9.017398,4.350057,23.844620,43.249790,0.262604,19.544638,75.424881,-47.374783,70.753937,40.808372,-45.546730,72.912781,8.091687,-40.650185,51.743347,31.480757,-44.693409,73.278519,73.062164
1152,9.599000,-0.000384,0.000369,-0.000364,1.000000,-31.702904,28.859833,40.914406,-59.793819,30.246914,1.597655,-2.232373,28.197140,2.818328,-3.750581,27.474657,79.963852,-61.034836,29.520628,79.277878,-59.783428,30.243551,1.620161,-2.299755,28.204330,2.867945,-3.717391,27.470600,79.970284,-61.058121,29.531199,79.117165,2.541414,20.153240,10.669138,-18.523397,28.409857,54.769169,-33.457901,35.319645,74.797607,-32.815086,34.527802,9.014540,4.346260,23.846386,43.252502,0.261580,19.547697,75.426025,-47.372715,70.751015,40.806847,-45.563278,72.900375,8.085016,-40.647011,51.743118,31.479889,-44.690166,73.279503,73.059616
1153,9.608000,-0.000386,0.000379,-0.000370,1.000000,-31.702852,28.860485,40.914593,-59.794563,30.247688,1.598412,-2.233112,28.197279,2.817911,-3.749743,27.475187,79.963478,-61.033989,29.521793,79.278671,-59.784508,30.244137,1.620959,-2.299387,28.204771,2.867197,-3.716744,27.470932,79.969879,-61.056740,29.532927,79.117844,2.546035,20.151991,10.670432,-18.522776,28.405735,54.766891,-33.448349,35.312710,74.802513,-32.816525,34.524654,9.014562,4.343776,23.846865,43.255589,0.256475,19.547249,75.425018,-47.369225,70.745842,40.803356,-45.583122,72.887810,8.078185,-40.648590,51.741123,31.480804,-44.685101,73.276695,73.058334
1154,9.616000,-0.000375,0.000375,-0.000365,1.000000,-31.702173,28.858953,40.914249,-59.793545,30.246861,1.597852,-2.232090,28.196907,2.817816,-3.749397,27.472958,79.963341,-61.033653,29.519096,79.278076,-59.784348,30.242580,1.619685,-2.297438,28.205723,2.866722,-3.715464,27.467871,79.970795,-61.056232,29.532412,79.116890,2.563155,20.156406,10.657736,-18.524202,28.406301,54.766594,-33.439590,35.310966,74.806580,-32.817654,34.522564,9.014414,4.344716,23.845695,43.257988,0.260366,19.552370,75.428322,-47.366074,70.742134,40.802410,-45.597000,72.880035,8.078783,-40.647018,51.736992,31.477291,-44.680546,73.280563,73.056694
1155,9.625000,-0.000363,0.000375,-0.000380,1.000000,-31.702814,28.859409,40.914619,-59.794117,30.249027,1.598233,-2.232718,28.197369,2.818197,-3.750107,27.471712,79.963707,-61.034309,29.519537,79.278442,-59.784473,30.245054,1.620620,-2.298088,28.205606,2.866745,-3.717028,27.467001,79.970619,-61.056519,29.531960,79.116974,2.553403,20.160072,10.662971,-18.524294,28.407509,54.766865,-33.423737,35.318504,74.804794,-32.818439,34.517223,9.015622,4.345457,23.846014,43.257645,0.262097,19.552923,75.427086,-47.362774,70.738609,40.801441,-45.609646,72.868690,8.078506,-40.650314,51.733677,31.473446,-44.679390,73.274437,73.055214
1156,9.633000,-0.000355,0.000369,-0.000369,1.000000,-31.702768,28.858999,40.915916,-59.793671,30.248611,1.599240,-2.232239,28.198210,2.819812,-3.750467,27.471308,79.965294,-61.034702,29.517874,79.279419,-59.784134,30.243441,1.621778,-2.296902,28.208654,2.867486,-3.717361,27.465376,79.972420,-61.057472,29.533915,79.117241,2.557924,20.159269,10.665144,-18.523104,28.409069,54.766010,-33.415092,35.320808,74.797615,-32.822731,34.512451,9.016210,4.347378,23.847897,43.256042,0.266949,19.554514,75.428993,-47.361908,70.739456,40.801460,-45.619507,72.862839,8.081448,-40.651085,51.728558,31.472652,-44.672523,73.274704,73.055145
1157,9.641000,-0.000369,0.000361,-0.000376,1.000000,-31.702492,28.860569,40.915470,-59.792709,30.249468,1.598284,-2.231324,28.198290,2.819878,-3.750870,27.473587,79.965355,-61.035061,29.520937,79.278465,-59.782845,30.245348,1.620136,-2.298425,28.206926,2.869799,-3.717067,27.468708,79.972267,-61.058258,29.533737,79.118469,2.562818,20.162077,10.667784,-18.523098,28.407768,54.767990,-33.406551,35.318314,74.793861,-32.827885,34.506836,9.017125,4.349349,23.848305,43.252762,0.269087,19.552771,75.429298,-47.360535,70.735352,40.800236,-45.629848,72.856812,8.082371,-40.653778,51.724579,31.474951,-44.671631,73.272095,73.055847
1158,9.650000,-0.000375,0.000368,-0.000372,1.000000,-31.703085,28.859341,40.916348,-59.793915,30.247570,1.599571,-2.232495,28.196848,2.820313,-3.750858,27.473026,79.965828,-61.035084,29.519930,79.279778,-59.783756,30.243620,1.622478,-2.298836,28.205057,2.871133,-3.717901,27.468410,79.971298,-61.058243,29.532141,79.119354,2.567872,20.163086,10.668810,-18.525513,28.403160,54.768021,-33.400070,35.316803,74.789719,-32.834476,34.497379,9.016848,4.349720,23.851074,43.249348,0.275509,19.555607,75.430557,-47.360649,70.731064,40.802063,-45.641777,72.849884,8.086110,-40.661064,51.716877,31.474262,-44.667171,73.270744,73.051460
1159,9.658000,-0.000352,0.000369,-0.000380,1.000000,-31.703318,28.857697,40.916286,-59.794216,30.248177,1.599643,-2.232832,28.196522,2.820149,-3.751016,27.469141,79.965630,-61.035202,29.516951,79.279831,-59.783798,30.243639,1.623086,-2.299785,28.205820,2.871003,-3.718660,27.463985,79.971176,-61.056431,29.530752,79.117813,2.588549,20.176556,10.668714,-18.525843,28.403994,54.765392,-33.393780,35.313080,74.788788,-32.837959,34.490620,9.016710,4.350995,23.850653,43.249210,0.275999,19.553528,75.429459,-47.369286,70.723495,40.800228,-45.653252,72.845009,8.090549,-40.664978,51.708107,31.474361,-44.655876,73.287674,73.031746
1160,9.666000,-0.000360,0.000364,-0.000383,1.000000,-31.703836,28.859362,40.914841,-59.794319,30.249411,1.597881,-2.232960,28.197422,2.819020,-3.751948,27.471239,79.964493,-61.036121,29.519384,79.278061,-59.784401,30.244278,1.620475,-2.298418,28.207844,2.868490,-3.719557,27.465424,79.970482,-61.057598,29.534939,79.119583,2.592891,20.179205,10.668967,-18.525618,28.402462,54.764240,-33.390610,35.307667,74.788033,-32.841095,34.482018,9.007854,4.350895,23.849514,43.249779,0.282801,19.556282,75.430885,-47.380863,70.714493,40.798679,-45.667492,72.834763,8.095101,-40.669975,51.701759,31.476856,-44.648216,73.285744,73.028488
1161,9.675000,-0.000351,0.000366,-0.000389,1.000000,-31.703476,28.860489,40.914040,-59.794067,30.251572,1.597196,-2.232728,28.198904,2.818108,-3.751478,27.471336,79.963577,-61.035625,29.520151,79.277367,-59.784676,30.247021,1.618857,-2.298653,28.208277,2.867390,-3.717925,27.466002,79.970848,-61.057316,29.534107,79.118210,2.594125,20.179707,10.672591,-18.525263,28.404348,54.764046,-33.382450,35.297127,74.789062,-32.843079,34.478863,9.006448,4.349375,23.849972,43.251625,0.288317,19.557138,75.433548,-47.411846,70.695946,40.795063,-45.682072,72.819992,8.097168,-40.682613,51.690559,31.476381,-44.649651,73.262260,73.032112
1162,9.683000,-0.000359,0.000358,-0.000380,1.000000,-31.703203,28.859356,40.914925,-59.793217,30.249258,1.597628,-2.231857,28.197639,2.819467,-3.751785,27.471375,79.964920,-61.035961,29.519156,79.277786,-59.783279,30.244965,1.619973,-2.298499,28.206583,2.868520,-3.719010,27.466351,79.971870,-61.057102,29.532459,79.116371,2.595742,20.184608,10.671099,-18.523991,28.401756,54.766464,-33.381618,35.287132,74.793579,-32.873623,34.466667,9.008213,4.347568,23.852121,43.254707,0.294354,19.558880,75.434433,-47.432579,70.680908,40.796570,-45.698990,72.811668,8.101872,-40.691395,51.680767,31.478390,-44.649841,73.256042,73.030891
1163,9.691000,-0.000370,0.000348,-0.000376,1.000000,-31.704092,28.858625,40.915916,-59.793354,30.247423,1.598042,-2.232000,28.196304,2.821043,-3.753418,27.471745,79.966484,-61.037601,29.519039,79.278198,-59.782845,30.243763,1.620925,-2.299281,28.204021,2.869299,-3.720855,27.467415,79.973534,-61.059074,29.530453,79.115601,2.598573,20.184752,10.673068,-18.524870,28.400970,54.767601,-33.378620,35.276020,74.797928,-32.878918,34.456249,9.011206,4.346260,23.849964,43.257271,0.290214,19.551275,75.435326,-47.455269,70.664146,40.801914,-45.714066,72.799698,8.104036,-40.701252,51.667564,31.479576,-44.653641,73.248840,73.028740
1164,9.699000,-0.000357,0.000352,-0.000364,1.000000,-31.703865,28.857655,40.916218,-59.793472,30.246840,1.598603,-2.232066,28.197054,2.821088,-3.752849,27.470388,79.966530,-61.037086,29.516342,79.278740,-59.782959,30.242910,1.621904,-2.298728,28.205215,2.868986,-3.720146,27.465797,79.973434,-61.059689,29.528648,79.114494,2.597644,20.183594,10.672502,-18.525188,28.399521,54.765980,-33.375717,35.268703,74.797592,-32.878731,34.449310,9.011417,4.343841,23.848673,43.257725,0.302792,19.560993,75.438423,-47.492783,70.644470,40.809883,-45.738281,72.780647,8.102525,-40.711060,51.656258,31.486332,-44.649216,73.243469,73.025452
1165,9.708000,-0.000366,0.000363,-0.000371,1.000000,-31.703959,28.857752,40.915585,-59.794392,30.246656,1.598552,-2.232981,28.196058,2.819836,-3.752124,27.470764,79.965317,-61.036346,29.517538,79.278732,-59.784134,30.242336,1.622678,-2.296801,28.204668,2.867344,-3.719809,27.465832,79.971222,-61.059124,29.530823,79.115868,2.597578,20.183640,10.669066,-18.525986,28.400459,54.767967,-33.375179,35.262470,74.794502,-32.878208,34.443970,9.013194,4.344272,23.846186,43.260689,0.306352,19.561354,75.438568,-47.542477,70.616394,40.823318,-45.762089,72.767479,8.103116,-40.723610,51.641602,31.490725,-44.649380,73.237953,73.022141
1166,9.716000,-0.000348,0.000359,-0.000385,1.000000,-31.703356,28.858665,40.915977,-59.793400,30.249781,1.598743,-2.232057,28.197510,2.820465,-3.751910,27.469481,79.965912,-61.036064,29.517899,79.278885,-59.784233,30.244776,1.621297,-2.294739,28.207430,2.866274,-3.719319,27.463722,79.973557,-61.057072,29.533255,79.118279,2.596709,20.182770,10.667645,-18.528429,28.401842,54.765934,-33.371632,35.259342,74.792679,-32.881611,34.439659,9.011284,4.341342,23.850540,43.261913,0.308815,19.561926,75.437035,-47.589191,70.598763,40.826138,-45.777569,72.762520,8.120005,-40.735340,51.632046,31.490526,-44.648838,73.235054,73.016968
1167,9.724000,-0.000363,0.000364,-0.000400,1.000000,-31.702614,28.857788,40.916744,-59.793003,30.248550,1.599738,-2.231711,28.194633,2.820960,-3.750822,27.468956,79.966446,-61.034924,29.519022,79.279930,-59.783012,30.243748,1.622317,-2.297734,28.204472,2.868760,-3.718523,27.463442,79.973671,-61.055244,29.533777,79.118469,2.595648,20.180811,10.668701,-18.526228,28.403452,54.764015,-33.371342,35.252636,74.787155,-32.884544,34.434750,9.010734,4.340765,23.851316,43.263500,0.305842,19.558935,75.436630,-47.625732,70.582390,40.820129,-45.788567,72.752167,8.125235,-40.743912,51.624954,31.492424,-44.647755,73.231636,73.013618
1168,9.733000,-0.000360,0.000357,-0.000379,1.000000,-31.701956,28.857595,40.915695,-59.791924,30.247364,1.598358,-2.230558,28.195852,2.820274,-3.750584,27.469748,79.965729,-61.034763,29.517422,79.278519,-59.782101,30.242783,1.620064,-2.298619,28.205412,2.869447,-3.717653,27.464411,79.973770,-61.053719,29.531368,79.117546,2.593081,20.178379,10.669086,-18.526354,28.402138,54.762447,-33.368614,35.245247,74.784248,-32.889862,34.431271,9.012000,4.340657,23.852877,43.263615,0.307149,19.561665,75.438019,-47.672146,70.569130,40.803051,-45.804901,72.738441,8.129428,-40.755470,51.614864,31.493515,-44.650620,73.223473,73.008224
1169,9.741000,-0.000333,0.000361,-0.000370,1.000000,-31.702011,28.857752,40.915272,-59.792255,30.249176,1.598194,-2.230853,28.198654,2.819619,-3.750360,27.468264,79.965042,-61.034576,29.514923,79.278328,-59.782486,30.245268,1.620800,-2.297521,28.206846,2.869322,-3.718239,27.463671,79.971901,-61.053391,29.527029,79.115280,2.590102,20.178148,10.667119,-18.527117,28.403782,54.764248,-33.365406,35.242653,74.786552,-32.893108,34.425842,9.011621,4.342847,23.854036,43.262344,0.310334,19.567053,75.437378,-47.712841,70.556534,40.787495,-45.826740,72.725273,8.131672,-40.764606,51.602512,31.494617,-44.647335,73.225105,72.999176
1170,9.750000,-0.000336,0.000358,-0.000350,1.000000,-31.703171,28.856955,40.915565,-59.793282,30.247036,1.598340,-2.231801,28.198746,2.820065,-3.751657,27.468798,79.965485,-61.035954,29.513243,79.278473,-59.783363,30.243000,1.621986,-2.296850,28.206957,2.869243,-3.719997,27.464151,79.971603,-61.054916,29.525587,79.115105,2.565583,20.166204,10.668157,-18.527210,28.403625,54.765121,-33.365067,35.238533,74.784805,-32.897820,34.421261,9.010780,4.346863,23.853981,43.258198,0.303974,19.563753,75.438911,-47.762333,70.536354,40.789722,-45.841545,72.712761,8.132067,-40.777256,51.594044,31.494648,-44.661243,73.213867,72.995270
1171,9.758000,-0.000339,0.000360,-0.000358,1.000000,-31.703154,28.858170,40.916389,-59.793388,30.248466,1.599267,-2.231941,28.199261,2.820781,-3.751507,27.469803,79.966209,-61.035774,29.515160,79.279396,-59.783936,30.244503,1.622086,-2.295937,28.207371,2.867380,-3.719245,27.465122,79.973755,-61.055817,29.527569,79.116074,2.563626,20.160448,10.668765,-18.527790,28.404287,54.765656,-33.361973,35.231686,74.786530,-32.901035,34.416245,9.009867,4.349617,23.856356,43.252724,0.300875,19.563425,75.435402,-47.809948,70.514137,40.796089,-45.852566,72.705437,8.132695,-40.818214,51.570892,31.498671,-44.656799,73.215622,72.987061
1172,9.766000,-0.000343,0.000356,-0.000359,1.000000,-31.702757,28.858864,40.916451,-59.792625,30.248890,1.599059,-2.231193,28.199562,2.821118,-3.751478,27.470764,79.966545,-61.035736,29.516251,79.279182,-59.782803,30.244404,1.621498,-2.297282,28.208801,2.869068,-3.718825,27.465549,79.974007,-61.056335,29.530134,79.116806,2.561815,20.162184,10.669274,-18.528076,28.403795,54.765682,-33.360973,35.225563,74.789085,-32.904724,34.411091,9.008829,4.351719,23.856302,43.248577,0.298343,19.562048,75.435852,-47.857689,70.489655,40.797302,-45.864506,72.698212,8.130020,-40.835789,51.557774,31.500425,-44.658321,73.210976,72.981621
1173,9.775000,-0.000369,0.000366,-0.000365,1.000000,-31.702419,28.860241,40.917484,-59.793072,30.248547,1.600584,-2.231637,28.198591,2.821586,-3.750363,27.473848,79.967079,-61.034607,29.519983,79.280785,-59.783840,30.244261,1.622634,-2.297257,28.207451,2.871164,-3.716881,27.468786,79.974182,-61.056370,29.533363,79.118294,2.556628,20.155909,10.671396,-18.527391,28.401875,54.767754,-33.362659,35.209934,74.785248,-32.913876,34.402088,9.010302,4.353965,23.854845,43.247604,0.295851,19.561058,75.433578,-47.909107,70.475479,40.803860,-45.871761,72.695572,8.133370,-40.853100,51.551567,31.501553,-44.663097,73.203720,72.975090
1174,9.783000,-0.000370,0.000355,-0.000370,1.000000,-31.702541,28.860170,40.916950,-59.792328,30.248663,1.599437,-2.230933,28.198191,2.821696,-3.751352,27.473589,79.967155,-61.035561,29.520241,79.279602,-59.782124,30.244827,1.622187,-2.297314,28.206202,2.870025,-3.718697,27.469063,79.974022,-61.057335,29.532183,79.117867,2.555421,20.153942,10.672339,-18.527586,28.400963,54.770065,-33.363636,35.211899,74.779617,-32.917328,34.400364,9.010636,4.351979,23.857780,43.248379,0.293046,19.560146,75.435196,-47.946060,70.460495,40.802597,-45.878620,72.688606,8.134412,-40.865578,51.541607,31.499958,-44.674179,73.194298,72.967461
1175,9.791000,-0.000355,0.000360,-0.000355,1.000000,-31.702921,28.858534,40.915817,-59.793152,30.247412,1.598635,-2.231684,28.198639,2.820241,-3.751290,27.471573,79.965698,-61.035568,29.516518,79.278793,-59.782780,30.243107,1.621559,-2.297413,28.207457,2.865829,-3.718406,27.466551,79.973602,-61.058456,29.529947,79.116074,2.551888,20.154524,10.671885,-18.528770,28.398073,54.770123,-33.366211,35.213333,74.775948,-32.917698,34.400253,9.009870,4.351340,23.857401,43.250813,0.281837,19.551943,75.432686,-47.976864,70.450462,40.797565,-45.882881,72.687813,8.135463,-40.880157,51.534317,31.499598,-44.678108,73.190941,72.960060
1176,9.800000,-0.000349,0.000369,-0.000344,1.000000,-31.701588,28.859102,40.916626,-59.792530,30.247820,1.599950,-2.230996,28.200296,2.820534,-3.749245,27.472305,79.966011,-61.033588,29.515999,79.280121,-59.781845,30.243916,1.622889,-2.298912,28.208509,2.868793,-3.715354,27.467676,79.973145,-61.059402,29.528471,79.114601,2.562690,20.157995,10.656220,-18.528372,28.399509,54.768585,-33.373997,35.218472,74.772057,-32.918674,34.402256,9.008924,4.349625,23.855047,43.252785,0.274611,19.549519,75.434204,-48.016582,70.438171,40.795662,-45.891544,72.683159,8.136699,-40.896423,51.531006,31.497437,-44.675209,73.191727,72.953751
1177,9.808000,-0.000353,0.000374,-0.000350,1.000000,-31.702471,28.859896,40.916649,-59.793812,30.248672,1.600260,-2.232295,28.200405,2.820244,-3.749731,27.473038,79.965744,-61.034046,29.517471,79.280449,-59.784454,30.244974,1.622244,-2.298588,28.208138,2.868276,-3.714284,27.468475,79.974297,-61.059494,29.529404,79.113945,2.547172,20.152323,10.665302,-18.528044,28.400194,54.766361,-33.379780,35.221336,74.770508,-32.916855,34.400997,9.009656,4.348392,23.855202,43.254589,0.267541,19.546799,75.430946,-48.045654,70.424881,40.798378,-45.895645,72.678665,8.131247,-40.912258,51.525383,31.493139,-44.684723,73.186234,72.948380
1178,9.816000,-0.000353,0.000365,-0.000351,1.000000,-31.702206,28.860510,40.916233,-59.792866,30.249348,1.599360,-2.231377,28.200975,2.820331,-3.750139,27.473589,79.965805,-61.034439,29.518131,79.279533,-59.783417,30.245501,1.621497,-2.296428,28.208908,2.867367,-3.715326,27.468914,79.973946,-61.059891,29.530392,79.116074,2.546656,20.148556,10.670127,-18.527803,28.399330,54.766769,-33.388371,35.222622,74.769875,-32.914700,34.403652,9.008438,4.346786,23.854509,43.255867,0.267215,19.549944,75.431053,-48.069660,70.416199,40.799187,-45.900017,72.676392,8.131894,-40.925583,51.522003,31.491180,-44.680584,73.185333,72.945198
1179,9.824000,-0.000362,0.000371,-0.000351,1.000000,-31.702372,28.858656,40.916103,-59.793484,30.246696,1.599526,-2.231977,28.198412,2.819878,-3.749859,27.472528,79.965385,-61.034168,29.516994,79.279724,-59.783779,30.242638,1.621768,-2.298628,28.206861,2.868512,-3.715621,27.467684,79.973099,-61.058170,29.529852,79.115021,2.546638,20.148067,10.672847,-18.529152,28.401651,54.767395,-33.399971,35.229431,74.774155,-32.912563,34.406502,9.007453,4.346032,23.852962,43.255390,0.264626,19.552317,75.429062,-48.086475,70.409767,40.795994,-45.904575,72.675911,8.128225,-40.936363,51.516430,31.488054,-44.681530,73.185081,72.939491
1180,9.833000,-0.000363,0.000360,-0.000361,1.000000,-31.703979,28.858799,40.915962,-59.794201,30.247349,1.598769,-2.232763,28.197876,2.820390,-3.752345,27.472166,79.965851,-61.036606,29.517811,79.278946,-59.784061,30.243069,1.621681,-2.299724,28.206757,2.870585,-3.719706,27.467215,79.972069,-61.058163,29.531050,79.116173,2.546657,20.147327,10.671824,-18.530663,28.404411,54.765667,-33.424206,35.226925,74.775505,-32.913933,34.410954,9.004897,4.347220,23.852777,43.254299,0.258675,19.551165,75.427719,-48.097691,70.409302,40.792660,-45.910007,72.675270,8.126080,-40.952507,51.515186,31.485054,-44.679218,73.185524,72.936150
1181,9.841000,-0.000366,0.000356,-0.000371,1.000000,-31.704590,28.859434,40.915901,-59.794491,30.248266,1.598486,-2.233100,28.197712,2.820549,-3.753278,27.472519,79.966011,-61.037491,29.519245,79.278656,-59.785599,30.243515,1.620130,-2.298366,28.207401,2.869292,-3.719605,27.466942,79.974007,-61.057896,29.533869,79.116890,2.560061,20.150877,10.657446,-18.530205,28.400967,54.761940,-33.436241,35.226940,74.768631,-32.911800,34.413670,9.004520,4.347751,23.853430,43.252502,0.261017,19.557121,75.431114,-48.101112,70.408501,40.787563,-45.914024,72.673233,8.121419,-40.964336,51.511883,31.481144,-44.676617,73.186073,72.929344
1182,9.849000,-0.000381,0.000353,-0.000369,1.000000,-31.703550,28.860611,40.915768,-59.793205,30.248203,1.598135,-2.231815,28.197897,2.820623,-3.752482,27.474924,79.966095,-61.036694,29.521423,79.278313,-59.783596,30.243830,1.619802,-2.298371,28.206942,2.868793,-3.718597,27.469748,79.974213,-61.058598,29.534903,79.117844,2.547442,20.146902,10.667386,-18.531628,28.404354,54.759502,-33.453621,35.229927,74.760994,-32.907150,34.417679,9.000710,4.347701,23.856432,43.251030,0.260027,19.559023,75.429092,-48.097980,70.410744,40.784832,-45.918571,72.672836,8.118809,-40.979492,51.510204,31.477720,-44.676064,73.188065,72.926758
1183,9.858000,-0.000399,0.000274,-0.000365,1.000000,-31.708679,28.862963,40.905907,-59.792137,30.248856,1.583791,-2.230924,28.199064,2.815446,-3.763768,27.478966,79.960701,-61.047890,29.524967,79.263794,-59.786968,30.245188,1.599402,-2.297842,28.207012,2.869453,-3.719401,27.473063,79.975258,-61.058605,29.535458,79.117020,2.548655,20.145201,10.672094,-18.533571,28.403578,54.760696,-33.473862,35.232944,74.757469,-32.912346,34.420811,9.002752,4.348023,23.858458,43.249744,0.257312,19.558876,75.432480,-48.091270,70.414558,40.782623,-45.924915,72.672424,8.117446,-40.991386,51.509048,31.474102,-44.670681,73.188622,72.927345
1184,9.866000,-0.000407,0.000332,-0.000369,1.000000,-31.704226,28.861963,40.914009,-59.792183,30.247494,1.595092,-2.230847,28.197214,2.820176,-3.754842,27.478329,79.965622,-61.039032,29.524826,79.275261,-59.783077,30.243965,1.616096,-2.297551,28.204697,2.868987,-3.719470,27.473852,79.974541,-61.060661,29.535822,79.115211,2.563104,20.149023,10.658569,-18.533411,28.401968,54.761982,-33.506348,35.228306,74.767822,-32.916470,34.423088,9.003927,4.348346,23.858685,43.249542,0.259525,19.563408,75.435478,-48.080414,70.420799,40.783390,-45.927742,72.669922,8.113922,-41.000919,51.507217,31.472206,-44.671410,73.189819,72.926620
1185,9.875000,-0.000379,0.000351,-0.000388,1.000000,-31.704128,28.859806,40.916679,-59.793560,30.248611,1.598930,-2.232256,28.196066,2.821660,-3.753281,27.472916,79.967125,-61.037422,29.521639,79.279099,-59.783989,30.244442,1.620643,-2.298607,28.204653,2.868197,-3.718392,27.467880,79.976364,-61.060863,29.534683,79.115860,2.564952,20.153561,10.649734,-18.532990,28.401958,54.761749,-33.532558,35.213211,74.779358,-32.918976,34.421516,9.001262,4.349520,23.855684,43.250965,0.260678,19.563745,75.435204,-48.068001,70.427338,40.780582,-45.931767,72.668076,8.109674,-41.010113,51.506073,31.473028,-44.663673,73.191803,72.923065
1186,9.883000,-0.000353,0.000354,-0.000386,1.000000,-31.703312,28.858688,40.917675,-59.793003,30.249388,1.600173,-2.231675,28.197075,2.822432,-3.752208,27.469917,79.967865,-61.036362,29.518383,79.280319,-59.783577,30.244801,1.622320,-2.296263,28.206306,2.867896,-3.717944,27.464497,79.976776,-61.059868,29.532698,79.117157,2.552816,20.151028,10.664845,-18.533443,28.400671,54.761360,-33.559338,35.200172,74.796547,-32.920872,34.423317,9.001156,4.348146,23.855747,43.250881,0.266449,19.566235,75.435638,-48.065514,70.430855,40.775551,-45.936317,72.664490,8.106171,-41.018791,51.503147,31.470978,-44.660122,73.193787,72.924179
1187,9.891000,-0.000364,0.000357,-0.000384,1.000000,-31.702646,28.859362,40.916786,-59.792526,30.249149,1.599386,-2.231187,28.196987,2.821422,-3.751359,27.471495,79.966881,-61.035515,29.519821,79.279556,-59.783619,30.245453,1.621074,-2.295751,28.204626,2.868988,-3.716649,27.466944,79.975250,-61.058788,29.531511,79.117180,2.558218,20.148996,10.670985,-18.531776,28.402065,54.760719,-33.580025,35.192383,74.807068,-32.930237,34.432362,8.989724,4.348289,23.856016,43.251629,0.271647,19.566936,75.434021,-48.058395,70.434769,40.774204,-45.938869,72.666588,8.107475,-41.024475,51.502300,31.469301,-44.663399,73.190399,72.923363
1188,9.900000,-0.000381,0.000355,-0.000394,1.000000,-31.703400,28.859783,40.915844,-59.793144,30.248816,1.598322,-2.231851,28.195578,2.820581,-3.752244,27.472666,79.966064,-61.036362,29.522079,79.278511,-59.783871,30.244789,1.619988,-2.297360,28.203932,2.869629,-3.718109,27.467833,79.973434,-61.059456,29.534620,79.118607,2.572958,20.152983,10.657601,-18.531376,28.404406,54.760803,-33.600315,35.190708,74.811646,-32.925694,34.429043,8.998566,4.346818,23.855156,43.250965,0.276472,19.565828,75.437561,-48.048286,70.435165,40.772278,-45.942520,72.662735,8.106153,-41.031937,51.503670,31.466595,-44.659344,73.190620,72.927780
1189,9.908000,-0.000360,0.000362,-0.000372,1.000000,-31.703371,28.858179,40.915989,-59.793674,30.247581,1.598883,-2.232275,28.196838,2.820328,-3.751662,27.470695,79.965797,-61.035877,29.517607,79.279053,-59.783596,30.243879,1.621634,-2.298290,28.204605,2.868850,-3.718293,27.466270,79.972450,-61.060055,29.529333,79.116531,2.561735,20.155048,10.666833,-18.532709,28.404907,54.759060,-33.614246,35.192810,74.805038,-32.937443,34.436871,8.990999,4.345919,23.854534,43.251606,0.282111,19.566521,75.439552,-48.038898,70.436996,40.771290,-45.945660,72.663528,8.105115,-41.035103,51.502831,31.463646,-44.659836,73.192368,72.925827
1190,9.916000,-0.000343,0.000361,-0.000359,1.000000,-31.703463,28.858206,40.915279,-59.793724,30.248283,1.598167,-2.232277,28.198948,2.819651,-3.751796,27.470053,79.965088,-61.036064,29.515543,79.278305,-59.784595,30.243387,1.620933,-2.295322,28.208797,2.868045,-3.718613,27.464394,79.971275,-61.060036,29.530922,79.115952,2.563388,20.152441,10.670329,-18.530699,28.406599,54.758472,-33.620953,35.197746,74.797447,-32.941143,34.439926,8.987985,4.344931,23.854671,43.253792,0.278641,19.560646,75.440163,-48.030418,70.439240,40.769394,-45.948971,72.665199,8.106063,-41.039593,51.504101,31.463638,-44.665569,73.188484,72.926086
1191,9.925000,-0.000352,0.000363,-0.000372,1.000000,-31.703386,28.858557,40.914673,-59.793812,30.248552,1.597670,-2.232403,28.197824,2.818909,-3.751558,27.470488,79.964378,-61.035774,29.517370,79.277840,-59.784985,30.244747,1.619531,-2.296807,28.205696,2.868518,-3.716892,27.465853,79.971367,-61.060493,29.529486,79.115501,2.567495,20.154753,10.670028,-18.531357,28.407120,54.759937,-33.628021,35.198387,74.792809,-32.943932,34.441872,8.985361,4.343632,23.856821,43.254807,0.292648,19.573215,75.441376,-48.021263,70.445656,40.766640,-45.963554,72.655037,8.100875,-41.040092,51.503456,31.462666,-44.667969,73.187080,72.924973
1192,9.933000,-0.000352,0.000370,-0.000355,1.000000,-31.703552,28.858658,40.915413,-59.794575,30.247751,1.598811,-2.233088,28.198996,2.819237,-3.751126,27.471489,79.964722,-61.035423,29.516407,79.278992,-59.785515,30.244308,1.620838,-2.297753,28.206184,2.867618,-3.716154,27.467213,79.972351,-61.060936,29.527504,79.115402,2.568861,20.157978,10.669868,-18.530727,28.407171,54.758663,-33.628757,35.197376,74.790154,-32.942806,34.440388,8.985513,4.343853,23.858891,43.255047,0.293005,19.574202,75.440834,-48.015530,70.451378,40.764736,-45.954247,72.659935,8.101838,-41.041203,51.502640,31.463617,-44.670723,73.184929,72.928139
1193,9.941000,-0.000370,0.000373,-0.000377,1.000000,-31.703176,28.860146,40.915035,-59.794365,30.249027,1.598540,-2.232957,28.197729,2.818716,-3.750587,27.473181,79.964233,-61.034798,29.520655,79.278755,-59.784977,30.245623,1.620241,-2.299345,28.204945,2.868321,-3.715353,27.468941,79.971741,-61.060463,29.531580,79.116081,2.570320,20.159941,10.670981,-18.530098,28.408539,54.759289,-33.627258,35.195377,74.790588,-32.942554,34.440483,8.985635,4.346452,23.857313,43.255024,0.298033,19.580339,75.442200,-48.010696,70.452591,40.764412,-45.953064,72.661774,8.103767,-41.042591,51.501064,31.461746,-44.675655,73.184494,72.926025
1194,9.949000,-0.000384,0.000390,-0.000362,1.000000,-31.701963,28.861242,40.916885,-59.794514,30.248186,1.601300,-2.233005,28.198668,2.819589,-3.748018,27.476204,79.965179,-61.032318,29.521919,79.281578,-59.784554,30.244642,1.624072,-2.298673,28.206116,2.868839,-3.713569,27.471903,79.971367,-61.060066,29.533377,79.118057,2.590246,20.171724,10.671627,-18.530777,28.407404,54.758907,-33.622490,35.191624,74.791817,-32.941273,34.439598,8.983880,4.346467,23.859970,43.253372,0.299440,19.582121,75.443535,-48.014240,70.449661,40.764381,-45.961170,72.653755,8.100018,-41.041943,51.498699,31.463219,-44.673668,73.186821,72.926292
1195,9.958000,-0.000387,0.000390,-0.000369,1.000000,-31.701120,28.861336,40.915672,-59.793686,30.248455,1.600096,-2.232206,28.198093,2.818355,-3.747162,27.476120,79.963943,-61.031425,29.522678,79.280380,-59.784462,30.245314,1.622113,-2.297985,28.204826,2.869686,-3.712482,27.472183,79.970100,-61.057194,29.532877,79.117767,2.593939,20.174343,10.669788,-18.531246,28.408989,54.759205,-33.614418,35.190414,74.794838,-32.931252,34.433037,8.996887,4.348724,23.858622,43.252335,0.303161,19.585285,75.444183,-48.025505,70.447968,40.767799,-45.952301,72.661629,8.101625,-41.039661,51.497639,31.462877,-44.670506,73.186508,72.923813
1196,9.966000,-0.000387,0.000384,-0.000375,1.000000,-31.702265,28.860071,40.915508,-59.794331,30.247498,1.599586,-2.232888,28.196482,2.818555,-3.748807,27.474552,79.964134,-61.033035,29.521763,79.279854,-59.785156,30.243544,1.621496,-2.298145,28.204742,2.869781,-3.714357,27.469803,79.970062,-61.058571,29.534277,79.119316,2.593704,20.174383,10.671553,-18.529951,28.407997,54.758991,-33.604233,35.188492,74.794617,-32.936806,34.437511,8.988676,4.347988,23.858995,43.252331,0.304992,19.585690,75.443497,-48.040257,70.441269,40.769161,-45.949753,72.663963,8.106676,-41.035938,51.497810,31.465473,-44.670292,73.185966,72.922005
1197,9.974000,-0.000376,0.000385,-0.000389,1.000000,-31.701836,28.858953,40.916409,-59.793915,30.248079,1.600558,-2.232528,28.195398,2.819395,-3.748363,27.471745,79.964958,-61.032539,29.520597,79.280815,-59.785114,30.243603,1.622606,-2.297030,28.204617,2.871057,-3.713968,27.466455,79.970634,-61.058052,29.534760,79.118767,2.594440,20.173878,10.674480,-18.531836,28.407017,54.758400,-33.589275,35.187519,74.795547,-32.928120,34.431767,8.996805,4.347892,23.860325,43.253510,0.305038,19.586660,75.443092,-48.059715,70.433739,40.773247,-45.946957,72.664139,8.110371,-41.032063,51.495491,31.466002,-44.672569,73.183670,72.923065
1198,9.983000,-0.000363,0.000378,-0.000388,1.000000,-31.703197,28.857998,40.915504,-59.794773,30.248096,1.599324,-2.233395,28.195555,2.818859,-3.750226,27.469820,79.964378,-61.034405,29.518524,79.279549,-59.785980,30.243292,1.621203,-2.298071,28.205347,2.868588,-3.716179,27.464193,79.971458,-61.057281,29.533504,79.117096,2.592308,20.171190,10.674173,-18.532684,28.405991,54.758430,-33.574558,35.185436,74.791351,-32.932739,34.435986,8.988847,4.347998,23.861895,43.252403,0.303726,19.586744,75.444016,-48.086243,70.424255,40.778046,-45.943466,72.668488,8.117315,-41.029030,51.491600,31.465176,-44.676163,73.177917,72.920952
1199,9.991000,-0.000342,0.000369,-0.000385,1.000000,-31.704374,28.857973,40.914062,-59.795261,30.249537,1.597446,-2.233896,28.197226,2.817908,-3.752086,27.468344,79.963371,-61.036255,29.516792,79.277611,-59.786999,30.245104,1.619003,-2.297440,28.206200,2.866385,-3.717736,27.463034,79.971436,-61.057907,29.530626,79.115135,2.591124,20.171295,10.668378,-18.534012,28.405508,54.758282,-33.558865,35.185104,74.788216,-32.923473,34.433079,8.996487,4.348607,23.860741,43.251049,0.296647,19.581181,75.443222,-48.101585,70.418434,40.784756,-45.939983,72.669563,8.122651,-41.023811,51.495087,31.470200,-44.674141,73.176750,72.917877
1200,10.000000,-0.000335,0.000372,-0.000379,1.000000,-31.704565,28.858406,40.913181,-59.795654,30.250206,1.596716,-2.234259,28.198603,2.816880,-3.752077,27.468538,79.962349,-61.036270,29.516279,79.276886,-59.786724,30.245823,1.619491,-2.297139,28.207502,2.866885,-3.719038,27.463419,79.967758,-61.059780,29.530054,79.115417,2.592359,20.170727,10.667933,-18.532598,28.403812,54.758888,-33.535847,35.193710,74.780495,-32.927368,34.434937,8.988027,4.349402,23.859938,43.250526,0.294141,19.578638,75.441803,-48.146091,70.404396,40.782764,-45.934090,72.669609,8.127252,-41.017075,51.495899,31.472153,-44.676079,73.176231,72.912468
